id,Class_1,Class_2,Class_3,Class_4,Class_5,Class_6,Class_7,Class_8,Class_9
1,0.0058889,0.4443356,0.3800993,0.0739919,0.0037100,0.0072453,0.0428770,0.0362819,0.0055702
2,0.0015272,0.0020808,0.0009869,0.0009620,0.9874307,0.0013010,0.0028727,0.0018099,0.0010287
3,0.1342307,0.4515842,0.0937674,0.0569821,0.0137622,0.0421698,0.0230858,0.0542475,0.1301704
4,0.0103402,0.0066321,0.0034259,0.0077693,0.0204478,0.9280253,0.0063226,0.0064069,0.0106300
5,0.0268457,0.2485494,0.3203810,0.2305492,0.0058731,0.0255867,0.1204530,0.0108831,0.0108788
6,0.0182494,0.0463521,0.0221733,0.0128632,0.0039420,0.4155546,0.4485045,0.0159928,0.0163681
7,0.0198657,0.0013941,0.0011788,0.0013782,0.0007770,0.9554353,0.0117668,0.0034887,0.0047154
8,0.0004958,0.0009300,0.0009219,0.0008594,0.0003397,0.9938877,0.0013613,0.0007264,0.0004779
9,0.1696381,0.0216974,0.0163007,0.0204207,0.0116481,0.1355474,0.0494282,0.5317079,0.0436115
10,0.0153528,0.7951931,0.0881128,0.0094666,0.0037342,0.0372831,0.0156528,0.0240585,0.0111462
11,0.0261108,0.0054164,0.0051260,0.0126772,0.0056915,0.6322330,0.0233976,0.2680540,0.0212935
12,0.0108524,0.0030821,0.0017229,0.0011456,0.0015142,0.0053637,0.0014839,0.0143513,0.9604840
13,0.0004683,0.0014424,0.0016927,0.0017591,0.0004738,0.9905937,0.0010221,0.0019745,0.0005734
14,0.0420221,0.0276591,0.0146364,0.0124008,0.0132042,0.0432653,0.0136591,0.0384104,0.7947425
15,0.0041738,0.7256246,0.1876447,0.0542730,0.0028978,0.0040456,0.0110962,0.0054876,0.0047568
16,0.0216224,0.0068835,0.0073336,0.0085422,0.0034143,0.2291315,0.2958626,0.4076763,0.0195336
17,0.0016557,0.0018488,0.0012643,0.0012594,0.0006824,0.9865881,0.0028024,0.0025107,0.0013882
18,0.0071463,0.6774535,0.2744234,0.0173104,0.0032575,0.0031703,0.0061687,0.0042650,0.0068049
19,0.0030040,0.6244817,0.2948488,0.0359548,0.0022788,0.0040822,0.0228750,0.0072081,0.0052666
20,0.0166549,0.7928941,0.0432071,0.0158987,0.0036612,0.0278353,0.0217251,0.0567299,0.0213937
21,0.0047480,0.5641360,0.3446356,0.0421839,0.0043085,0.0048565,0.0165601,0.0087175,0.0098541
22,0.0019349,0.0411568,0.8656851,0.0268852,0.0016763,0.0027166,0.0550501,0.0025435,0.0023515
23,0.0048175,0.3517182,0.4134480,0.1831350,0.0046257,0.0087212,0.0201307,0.0084069,0.0049967
24,0.0087987,0.4446251,0.3565637,0.1319462,0.0054833,0.0103681,0.0212992,0.0156976,0.0052180
25,0.0420467,0.0228025,0.0139017,0.0040696,0.0040983,0.0418010,0.8299345,0.0198887,0.0214569
26,0.0048427,0.4564384,0.4785206,0.0052001,0.0041925,0.0153934,0.0092778,0.0209253,0.0052094
27,0.0018012,0.0037106,0.0016678,0.0027577,0.9834419,0.0020877,0.0012497,0.0017877,0.0014957
28,0.0044681,0.4589092,0.4322262,0.0747348,0.0030971,0.0046285,0.0134085,0.0045157,0.0040118
29,0.0964234,0.0294913,0.0301329,0.0173886,0.0090608,0.1260189,0.5609390,0.0748664,0.0556785
30,0.5375636,0.0262877,0.0143868,0.0094010,0.0097288,0.1963808,0.0851980,0.0684590,0.0525944
31,0.0004381,0.0008083,0.0007728,0.0006882,0.0002850,0.9947831,0.0008922,0.0008128,0.0005194
32,0.0381252,0.6008255,0.1697517,0.0265261,0.0078595,0.0451427,0.0306235,0.0264189,0.0547269
33,0.0028598,0.3788523,0.5920713,0.0032216,0.0056131,0.0042068,0.0034735,0.0063356,0.0033660
34,0.0089263,0.0028405,0.0012464,0.0013682,0.9768124,0.0018953,0.0023593,0.0024473,0.0021042
35,0.0154515,0.0055072,0.0068691,0.0049701,0.0022648,0.0333015,0.0642526,0.8570067,0.0103763
36,0.0127193,0.0024276,0.0037222,0.0024657,0.0013398,0.0126332,0.0023724,0.9500880,0.0122317
37,0.0808667,0.3302456,0.1756901,0.1272893,0.0086066,0.0453160,0.1247278,0.0218468,0.0854111
38,0.0039371,0.8056092,0.1482192,0.0153891,0.0024375,0.0030992,0.0142447,0.0041625,0.0029016
39,0.0038317,0.0016649,0.0011746,0.0007407,0.0005256,0.0034584,0.0021495,0.9835694,0.0028853
40,0.1061618,0.0220365,0.0096494,0.0065465,0.0070298,0.0196969,0.0138550,0.0257892,0.7892348
41,0.0021969,0.8046573,0.1685645,0.0094726,0.0019324,0.0020847,0.0053611,0.0027867,0.0029437
42,0.0115448,0.0015209,0.0010469,0.0012049,0.0011968,0.0146889,0.0009030,0.0126061,0.9552878
43,0.0041859,0.7423407,0.1981508,0.0244477,0.0024622,0.0052265,0.0067390,0.0065680,0.0098793
44,0.0036011,0.6784499,0.2368127,0.0510676,0.0033631,0.0038879,0.0120430,0.0053394,0.0054353
45,0.0248318,0.8025040,0.0638054,0.0242405,0.0063256,0.0204060,0.0086854,0.0177229,0.0314783
46,0.0053571,0.5906914,0.2621351,0.0898537,0.0069311,0.0057218,0.0258933,0.0082985,0.0051179
47,0.0790132,0.0876344,0.0339198,0.0193545,0.0074866,0.0485535,0.0595018,0.0264931,0.6380431
48,0.0037511,0.3237128,0.6042365,0.0444138,0.0025229,0.0056262,0.0067705,0.0052020,0.0037642
49,0.0032165,0.0029915,0.0025567,0.0025495,0.0010109,0.9763907,0.0046445,0.0045440,0.0020957
50,0.0219427,0.0039074,0.0039648,0.0062090,0.0017013,0.9218188,0.0111831,0.0053400,0.0239329
51,0.0618747,0.0013629,0.0010849,0.0017003,0.0016285,0.9095427,0.0068529,0.0065334,0.0094197
52,0.0030570,0.6716523,0.2874586,0.0151672,0.0035121,0.0026232,0.0098603,0.0035775,0.0030917
53,0.0027341,0.0035227,0.0013470,0.0025852,0.9699518,0.0023692,0.0009968,0.0066215,0.0098716
54,0.0025935,0.6885418,0.2601295,0.0027002,0.0039538,0.0082739,0.0047716,0.0263268,0.0027089
55,0.0050103,0.5269144,0.3402219,0.1007243,0.0048710,0.0045916,0.0050895,0.0071237,0.0054532
56,0.0147224,0.0180495,0.0074800,0.0033180,0.0025726,0.0078345,0.0025422,0.0134444,0.9300365
57,0.0097538,0.8395429,0.1009698,0.0070775,0.0055194,0.0081397,0.0103065,0.0102872,0.0084031
58,0.0149218,0.6157205,0.0806855,0.2146734,0.0099220,0.0234308,0.0108179,0.0119027,0.0179254
59,0.0005853,0.0008866,0.0007026,0.0007901,0.0003237,0.9937599,0.0006601,0.0013961,0.0008955
60,0.0037460,0.2702459,0.6590282,0.0401664,0.0031577,0.0039208,0.0085348,0.0043959,0.0068044
61,0.0165103,0.4416353,0.3446659,0.0714244,0.0046278,0.0264880,0.0705209,0.0122908,0.0118367
62,0.0052950,0.7186280,0.1579427,0.0869199,0.0031665,0.0059151,0.0086476,0.0050196,0.0084656
63,0.0154128,0.0038427,0.0020626,0.0087480,0.0018456,0.8807671,0.0050418,0.0344422,0.0478372
64,0.0153123,0.0550738,0.7498140,0.0407180,0.0025950,0.0192115,0.0871802,0.0139683,0.0161269
65,0.0203010,0.3916042,0.2195719,0.0510799,0.0061607,0.0850748,0.2055111,0.0101013,0.0105951
66,0.0017479,0.0012994,0.0010346,0.0025639,0.0005836,0.9870911,0.0014650,0.0030115,0.0012031
67,0.0202359,0.4114212,0.2712160,0.1323165,0.0090940,0.0284432,0.0846616,0.0251521,0.0174595
68,0.0428237,0.0023800,0.0016884,0.0010239,0.0009214,0.0057043,0.0017845,0.0052710,0.9384027
69,0.0044286,0.0014858,0.0011255,0.0016447,0.0006241,0.0048823,0.0027267,0.9808906,0.0021917
70,0.0046935,0.5115845,0.1114493,0.3333722,0.0035930,0.0118131,0.0095981,0.0070871,0.0068093
71,0.0049178,0.0070628,0.0061299,0.0010876,0.0011383,0.0039426,0.0059489,0.9578757,0.0118963
72,0.0024582,0.9627002,0.0149106,0.0086864,0.0024543,0.0021833,0.0020979,0.0023749,0.0021342
73,0.0039182,0.1246545,0.8000371,0.0174687,0.0027668,0.0038765,0.0060683,0.0060148,0.0351949
74,0.0047498,0.8666709,0.0464719,0.0360685,0.0036364,0.0093089,0.0092646,0.0063291,0.0175000
75,0.0044061,0.0019945,0.0046554,0.0018094,0.0007536,0.0241486,0.0093917,0.9481170,0.0047238
76,0.0038208,0.5565450,0.3576922,0.0378556,0.0029734,0.0043758,0.0267639,0.0054090,0.0045643
77,0.0004140,0.0014668,0.0008947,0.0010230,0.0002568,0.9912176,0.0030508,0.0006788,0.0009976
78,0.0013363,0.0289082,0.9558622,0.0072515,0.0010240,0.0011402,0.0016451,0.0012772,0.0015554
79,0.0036161,0.8159012,0.1065044,0.0446536,0.0037737,0.0043792,0.0118992,0.0044526,0.0048200
80,0.0027625,0.5615911,0.3475844,0.0726676,0.0024895,0.0031540,0.0037399,0.0029786,0.0030323
81,0.0007894,0.0004388,0.0003319,0.0005033,0.0002745,0.9937252,0.0008528,0.0014526,0.0016315
82,0.0039726,0.2130968,0.6839806,0.0382019,0.0026051,0.0113381,0.0353502,0.0081583,0.0032965
83,0.0020930,0.0006474,0.0004274,0.0006789,0.0003925,0.9884902,0.0022101,0.0043245,0.0007360
84,0.0413220,0.6412702,0.1011315,0.0584241,0.0087339,0.0400605,0.0185008,0.0307830,0.0597742
85,0.0084867,0.2695926,0.5836935,0.0461957,0.0037156,0.0054753,0.0703484,0.0072689,0.0052233
86,0.0451578,0.0068563,0.0027898,0.0017857,0.0015899,0.0088173,0.0028762,0.0074361,0.9226907
87,0.0010921,0.0008439,0.0006385,0.0015285,0.0004425,0.9920696,0.0008024,0.0012457,0.0013368
88,0.3424665,0.0168303,0.0136480,0.0090489,0.0073638,0.0473277,0.0264455,0.3297328,0.2071365
89,0.0056070,0.0025860,0.0034184,0.0009015,0.0006192,0.0080442,0.0018527,0.9705344,0.0064368
90,0.0029330,0.6047017,0.2012206,0.1699391,0.0027982,0.0040876,0.0057076,0.0052905,0.0033216
91,0.0035497,0.0022509,0.0015660,0.0010943,0.0005683,0.9807031,0.0040713,0.0036959,0.0025005
92,0.0193051,0.3989773,0.0123166,0.4413744,0.0081976,0.0827616,0.0088103,0.0119511,0.0163059
93,0.2371417,0.0315234,0.0167909,0.0161240,0.0112516,0.0632034,0.0536205,0.5589426,0.0114020
94,0.0025886,0.6480299,0.3052711,0.0247987,0.0029388,0.0029514,0.0053878,0.0031812,0.0048526
95,0.0304910,0.0028782,0.0022330,0.0078396,0.0019178,0.6506331,0.0029857,0.0080162,0.2930055
96,0.0005710,0.0009164,0.0007821,0.0028500,0.0003107,0.9923530,0.0006575,0.0008573,0.0007020
97,0.0012558,0.8320026,0.1495986,0.0090156,0.0011544,0.0014718,0.0022126,0.0014043,0.0018844
98,0.0045877,0.0012749,0.0010414,0.0015883,0.0009412,0.9776428,0.0059882,0.0034610,0.0034746
99,0.0009743,0.0007136,0.0004947,0.0010341,0.0004357,0.9919882,0.0010925,0.0024175,0.0008495
100,0.0512424,0.0029201,0.0026503,0.0038355,0.0013994,0.0465241,0.0107209,0.8709838,0.0097235
101,0.0039168,0.9248993,0.0227418,0.0273285,0.0035919,0.0043385,0.0056344,0.0027919,0.0047570
102,0.0011953,0.0005766,0.0006098,0.0007535,0.0003618,0.9903591,0.0011170,0.0039679,0.0010589
103,0.0010715,0.0013602,0.0007472,0.0008638,0.0004693,0.9915280,0.0007312,0.0015973,0.0016315
104,0.0233934,0.0037430,0.0039228,0.0026247,0.0013073,0.0760845,0.0057121,0.0183480,0.8648642
105,0.0021017,0.8924085,0.0615084,0.0303634,0.0018145,0.0022003,0.0034921,0.0026869,0.0034242
106,0.0010727,0.0019072,0.0023441,0.0015829,0.0009065,0.9843965,0.0036995,0.0023314,0.0017591
107,0.0013654,0.0128048,0.0058348,0.0029977,0.9693695,0.0012171,0.0026280,0.0016446,0.0021381
108,0.0485690,0.5990726,0.0736971,0.0981156,0.0108203,0.0845749,0.0203064,0.0474701,0.0173739
109,0.0020211,0.0035297,0.0022300,0.0012902,0.0007840,0.9691253,0.0013080,0.0073212,0.0123904
110,0.0006539,0.0007263,0.0006822,0.0003931,0.0002908,0.9948071,0.0006746,0.0010718,0.0007004
111,0.5846146,0.0380209,0.0088821,0.0124382,0.0077838,0.0927634,0.0132416,0.0657057,0.1765496
112,0.0029886,0.5145427,0.3749025,0.0889543,0.0026406,0.0027499,0.0069494,0.0031717,0.0031002
113,0.0026718,0.0477336,0.8267400,0.0272029,0.0018046,0.0023626,0.0864454,0.0025436,0.0024955
114,0.0034755,0.5247933,0.4205820,0.0294750,0.0029663,0.0034780,0.0056793,0.0036455,0.0059052
115,0.0025083,0.8930690,0.0151284,0.0729452,0.0027959,0.0035055,0.0033113,0.0019667,0.0047698
116,0.0023631,0.0679084,0.1606745,0.7567552,0.0013103,0.0033599,0.0033031,0.0020486,0.0022770
117,0.0030868,0.8411666,0.1216312,0.0147973,0.0025388,0.0043227,0.0026833,0.0038554,0.0059179
118,0.0053370,0.0007857,0.0007069,0.0006741,0.0004402,0.0032163,0.0010002,0.9844008,0.0034387
119,0.0296502,0.0034490,0.0050957,0.0043415,0.0019767,0.0404441,0.0144481,0.8873057,0.0132891
120,0.0039298,0.0951808,0.8633187,0.0131780,0.0032768,0.0039409,0.0050800,0.0051642,0.0069307
121,0.0057617,0.0038112,0.0015041,0.0019768,0.9758083,0.0031870,0.0031351,0.0026885,0.0021274
122,0.0222716,0.0890016,0.0241451,0.0057229,0.0060350,0.0515992,0.7488058,0.0377342,0.0146845
123,0.0003779,0.0007636,0.0006260,0.0005508,0.0002526,0.9947226,0.0009744,0.0010563,0.0006759
124,0.0026220,0.1860435,0.4685999,0.3281735,0.0020397,0.0027408,0.0037956,0.0035096,0.0024755
125,0.0178997,0.4021792,0.3501185,0.0313452,0.0057893,0.0443254,0.1095578,0.0172675,0.0215174
126,0.0079524,0.6514590,0.1903511,0.0897562,0.0036649,0.0085962,0.0218550,0.0204197,0.0059456
127,0.0100616,0.1633376,0.7127085,0.0611014,0.0033352,0.0088022,0.0230446,0.0109440,0.0066650
128,0.0083090,0.3495137,0.4898832,0.0313269,0.0041165,0.0116012,0.0745001,0.0198795,0.0108699
129,0.0066881,0.0022314,0.0012147,0.0019424,0.0011411,0.9732420,0.0018743,0.0044805,0.0071856
130,0.0006332,0.0006729,0.0005836,0.0007650,0.0003087,0.9929433,0.0008160,0.0017936,0.0014837
131,0.0063189,0.3138836,0.4667931,0.0104840,0.0040394,0.1405046,0.0244623,0.0275867,0.0059275
132,0.0039024,0.7610980,0.1810579,0.0279930,0.0033071,0.0050079,0.0072239,0.0062758,0.0041338
133,0.0034264,0.8379409,0.0598413,0.0711826,0.0028530,0.0047861,0.0052290,0.0052610,0.0094796
134,0.0003965,0.0008767,0.0006217,0.0005700,0.0002602,0.9952010,0.0007072,0.0006967,0.0006698
135,0.0098954,0.3633288,0.4289107,0.0907645,0.0046080,0.0287210,0.0529406,0.0109013,0.0099297
136,0.0046079,0.1469547,0.0278826,0.0630499,0.7358292,0.0049244,0.0054067,0.0053734,0.0059711
137,0.0022509,0.0898664,0.8774967,0.0102125,0.0016334,0.0050052,0.0066639,0.0037620,0.0031089
138,0.0182613,0.1867439,0.7073164,0.0099584,0.0069854,0.0156574,0.0256427,0.0189705,0.0104640
139,0.0176795,0.0041987,0.0023298,0.0052780,0.0014803,0.0927397,0.0244033,0.8455241,0.0063665
140,0.1451654,0.0079388,0.0046537,0.0092403,0.0028568,0.0510631,0.0051518,0.7255847,0.0483452
141,0.0026725,0.8182602,0.1149997,0.0428371,0.0021143,0.0067553,0.0046415,0.0033408,0.0043787
142,0.0016248,0.0012534,0.0010512,0.0011442,0.0005531,0.9855702,0.0026548,0.0050737,0.0010748
143,0.0072981,0.8590363,0.0540935,0.0455225,0.0037648,0.0058991,0.0064999,0.0051453,0.0127405
144,0.0054937,0.7340295,0.1748040,0.0476317,0.0049384,0.0167085,0.0044130,0.0054290,0.0065521
145,0.0190124,0.3262712,0.2972849,0.0110900,0.0200226,0.0507381,0.0087777,0.0522015,0.2146016
146,0.0093215,0.7671323,0.1257143,0.0510703,0.0030927,0.0114708,0.0181965,0.0049827,0.0090187
147,0.0024840,0.2544686,0.6981466,0.0238691,0.0019925,0.0043140,0.0073561,0.0039443,0.0034248
148,0.0142649,0.0020641,0.0030574,0.0031698,0.0012076,0.9355602,0.0213002,0.0056415,0.0137344
149,0.0087242,0.0199073,0.0556280,0.0701178,0.0017840,0.3575181,0.4697130,0.0066245,0.0099830
150,0.0468712,0.0059425,0.0040336,0.0016471,0.0014406,0.0124864,0.0313429,0.8860256,0.0102102
151,0.0012984,0.0018188,0.0007491,0.0034508,0.9876023,0.0011106,0.0008667,0.0015713,0.0015320
152,0.0053314,0.8079491,0.1082032,0.0292323,0.0066473,0.0054926,0.0092201,0.0049985,0.0229255
153,0.0058070,0.9008697,0.0446564,0.0079581,0.0035219,0.0076945,0.0093119,0.0077025,0.0124781
154,0.0013675,0.0018597,0.0011112,0.0014513,0.0005743,0.9884104,0.0020947,0.0019328,0.0011983
155,0.0096514,0.0031439,0.0037543,0.0014069,0.0010840,0.0108996,0.0036649,0.9387223,0.0276728
156,0.0204082,0.0108230,0.0124331,0.0149004,0.0040764,0.0208123,0.0200212,0.0209006,0.8756247
157,0.0095777,0.8545810,0.0628382,0.0221122,0.0038030,0.0063719,0.0198895,0.0079586,0.0128680
158,0.0027075,0.7887840,0.0182353,0.1694748,0.0020858,0.0036004,0.0053438,0.0034166,0.0063518
159,0.0067564,0.0049009,0.0051466,0.0136591,0.0015172,0.9385669,0.0063929,0.0198366,0.0032233
160,0.0448627,0.0028091,0.0023769,0.0049211,0.0019730,0.8444929,0.0714104,0.0146671,0.0124867
161,0.0058389,0.6958010,0.2222495,0.0441922,0.0038110,0.0074672,0.0053562,0.0102299,0.0050541
162,0.0046499,0.6521357,0.0665379,0.2418641,0.0030951,0.0097752,0.0133372,0.0039807,0.0046241
163,0.0066277,0.0012663,0.0012113,0.0025543,0.0006094,0.9738168,0.0039706,0.0085410,0.0014026
164,0.0014427,0.0043118,0.0043933,0.0026298,0.0008538,0.0120221,0.0043458,0.9686299,0.0013709
165,0.0172306,0.4756217,0.4032803,0.0501291,0.0045954,0.0090987,0.0090667,0.0121563,0.0188213
166,0.0075184,0.2067305,0.5734632,0.1228028,0.0032417,0.0102791,0.0268148,0.0449367,0.0042127
167,0.0167666,0.3675609,0.3233985,0.1627515,0.0054468,0.0197905,0.0723251,0.0239736,0.0079865
168,0.0018139,0.0020202,0.0008695,0.0021716,0.9868418,0.0016160,0.0007555,0.0020924,0.0018191
169,0.0186532,0.2842175,0.4148127,0.1217814,0.0067211,0.0338722,0.0422884,0.0656350,0.0120183
170,0.0184981,0.6514247,0.2345678,0.0139967,0.0205381,0.0125405,0.0095040,0.0098608,0.0290693
171,0.0056770,0.3958701,0.3499306,0.2035885,0.0039593,0.0092779,0.0201051,0.0061241,0.0054675
172,0.1497154,0.0495827,0.0305821,0.0323154,0.0134075,0.1347269,0.1220127,0.4086321,0.0590251
173,0.0024894,0.8889960,0.0383154,0.0470347,0.0023543,0.0110401,0.0036600,0.0027029,0.0034071
174,0.1013404,0.0318210,0.0175945,0.0054488,0.0024869,0.0393826,0.0051151,0.0053589,0.7914518
175,0.0218698,0.5925779,0.2655421,0.0074811,0.0092582,0.0410253,0.0217101,0.0242844,0.0162511
176,0.0499433,0.5013000,0.1754019,0.0907220,0.0098617,0.0455508,0.0780420,0.0264866,0.0226917
177,0.0033937,0.5248824,0.1500869,0.2916925,0.0044066,0.0087257,0.0083871,0.0036006,0.0048246
178,0.0025561,0.9516040,0.0272146,0.0070630,0.0018126,0.0017660,0.0018725,0.0018668,0.0042443
179,0.4350765,0.0288665,0.0173189,0.0064283,0.0057274,0.0861306,0.2322041,0.1477026,0.0405452
180,0.0125227,0.5653645,0.2393733,0.0878721,0.0070893,0.0155497,0.0335726,0.0250339,0.0136218
181,0.0066226,0.0008159,0.0006720,0.0016955,0.0006653,0.9694461,0.0032989,0.0142394,0.0025443
182,0.0040678,0.6195716,0.2693867,0.0687740,0.0035366,0.0044344,0.0190804,0.0064490,0.0046994
183,0.0111405,0.4854584,0.0963461,0.0116384,0.0064643,0.0515068,0.0069712,0.2651963,0.0652780
184,0.0413476,0.0249842,0.0126793,0.0429784,0.0107684,0.7594593,0.0196463,0.0262531,0.0618833
185,0.0080707,0.5167811,0.4076310,0.0102936,0.0123995,0.0090592,0.0095774,0.0149502,0.0112373
186,0.0007144,0.0007553,0.0007860,0.0006091,0.0002883,0.9935122,0.0007725,0.0019022,0.0006599
187,0.0012465,0.0017491,0.0006453,0.0010640,0.0010120,0.9897658,0.0009011,0.0025167,0.0010994
188,0.0065294,0.0026671,0.0018700,0.0042401,0.0008275,0.9669279,0.0026881,0.0035530,0.0106970
189,0.0654019,0.1444499,0.0673051,0.0548689,0.0080242,0.1189753,0.4401013,0.0702524,0.0306209
190,0.0048435,0.0065216,0.0150907,0.0094463,0.0016724,0.0770005,0.0602942,0.8163386,0.0087923
191,0.0036228,0.4440815,0.5200831,0.0027653,0.0051233,0.0046023,0.0044921,0.0122063,0.0030233
192,0.0096071,0.3760203,0.5218733,0.0275682,0.0034892,0.0083200,0.0113109,0.0052665,0.0365447
193,0.0005678,0.0005561,0.0005117,0.0005615,0.0003057,0.9942911,0.0010698,0.0011498,0.0009867
194,0.0197119,0.4306727,0.0458646,0.0211738,0.0062666,0.0158285,0.0085387,0.0125799,0.4393634
195,0.0064507,0.0070907,0.0032003,0.0492482,0.0015215,0.8942415,0.0056527,0.0069844,0.0256101
196,0.0025483,0.7219243,0.2175713,0.0448303,0.0017578,0.0022617,0.0040279,0.0029972,0.0020812
197,0.0073872,0.4785833,0.3813635,0.0868555,0.0031681,0.0069603,0.0252513,0.0051059,0.0053249
198,0.0033677,0.2138408,0.7384997,0.0031543,0.0031513,0.0096365,0.0152281,0.0098537,0.0032679
199,0.0111777,0.0059293,0.0012294,0.0008178,0.0006534,0.9641616,0.0044286,0.0064537,0.0051486
200,0.0215169,0.0031354,0.0022163,0.0051240,0.0015360,0.9251266,0.0101761,0.0245430,0.0066258
201,0.0007068,0.0012696,0.0013622,0.0008316,0.0003649,0.9926214,0.0010129,0.0011263,0.0007044
202,0.0234034,0.2566218,0.3186350,0.1778303,0.0144446,0.0464965,0.0929950,0.0492463,0.0203271
203,0.0005378,0.0027912,0.0008623,0.0010953,0.0031194,0.9887885,0.0014198,0.0008560,0.0005297
204,0.0019894,0.8420650,0.1298862,0.0154408,0.0018941,0.0019646,0.0023750,0.0022770,0.0021079
205,0.0007861,0.0009756,0.0005656,0.0005477,0.0004249,0.9938236,0.0011924,0.0009612,0.0007229
206,0.0006421,0.0004950,0.0004741,0.0005220,0.0002622,0.9951735,0.0006955,0.0010377,0.0006979
207,0.0584968,0.0275830,0.0141431,0.0123089,0.0710208,0.0282636,0.0203130,0.1173608,0.6505099
208,0.0025691,0.7559946,0.2021886,0.0255994,0.0017694,0.0021489,0.0043970,0.0024035,0.0029294
209,0.0884241,0.0189027,0.0182596,0.0066960,0.0030391,0.7544832,0.0546164,0.0134402,0.0421386
210,0.0037497,0.2915774,0.6619179,0.0269944,0.0018235,0.0020817,0.0044511,0.0022242,0.0051801
211,0.0022334,0.0019540,0.0008997,0.0013787,0.9858020,0.0019949,0.0018823,0.0021748,0.0016803
212,0.0027912,0.7200319,0.2332442,0.0237519,0.0024319,0.0041661,0.0043652,0.0031699,0.0060476
213,0.0013156,0.9550384,0.0232303,0.0068168,0.0021431,0.0016734,0.0058926,0.0015933,0.0022966
214,0.0016297,0.0005823,0.0007176,0.0007146,0.0004350,0.0114968,0.0024705,0.9811141,0.0008394
215,0.0017306,0.0043148,0.0100863,0.0033944,0.0008434,0.9637192,0.0070628,0.0071066,0.0017419
216,0.0024341,0.0008906,0.0006415,0.0016529,0.0007013,0.9885215,0.0010478,0.0019351,0.0021752
217,0.0073163,0.1872973,0.4949758,0.0423148,0.0048850,0.0352959,0.2109896,0.0094472,0.0074781
218,0.0074968,0.2316835,0.7186045,0.0030009,0.0030124,0.0068056,0.0070567,0.0121956,0.0101440
219,0.0029648,0.1329424,0.8134767,0.0025005,0.0059152,0.0045568,0.0033735,0.0311367,0.0031333
220,0.0018059,0.0017177,0.0011156,0.0028190,0.0006021,0.9853002,0.0019798,0.0022349,0.0024247
221,0.0033653,0.2333917,0.6667393,0.0452018,0.0195914,0.0047367,0.0146869,0.0070368,0.0052501
222,0.0106987,0.4516742,0.3581404,0.1015548,0.0037921,0.0165985,0.0394688,0.0110640,0.0070085
223,0.0118165,0.4765868,0.3202842,0.0091124,0.0478689,0.0547502,0.0143632,0.0539543,0.0112636
224,0.8139569,0.0058779,0.0059672,0.0030367,0.0039316,0.0179381,0.0156912,0.0741048,0.0594956
225,0.0019970,0.9050783,0.0631634,0.0159968,0.0017612,0.0021814,0.0048537,0.0025122,0.0024558
226,0.0033213,0.8517905,0.1159483,0.0098242,0.0019727,0.0027835,0.0062919,0.0030842,0.0049833
227,0.0017203,0.0486775,0.9314665,0.0084822,0.0014582,0.0016390,0.0023922,0.0017433,0.0024209
228,0.0143570,0.6378809,0.2513885,0.0080730,0.0129190,0.0086272,0.0077209,0.0420828,0.0169507
229,0.0042747,0.0011836,0.0007813,0.0005100,0.0004496,0.0022985,0.0014351,0.9843658,0.0047013
230,0.0209555,0.2692782,0.1679718,0.1401354,0.0077912,0.0394815,0.2944305,0.0194185,0.0405376
231,0.0363641,0.3327862,0.3008088,0.1750215,0.0066268,0.0316265,0.0759647,0.0240936,0.0167079
232,0.0163623,0.5142287,0.2429044,0.0281511,0.0084449,0.0647298,0.0829894,0.0308813,0.0113081
233,0.0174787,0.6754940,0.1127669,0.0940026,0.0036218,0.0422973,0.0226182,0.0083714,0.0233491
234,0.0029604,0.0083386,0.0021207,0.0025369,0.9642118,0.0022191,0.0019254,0.0035349,0.0121521
235,0.0054012,0.8662699,0.0624554,0.0442480,0.0020326,0.0032819,0.0040341,0.0032747,0.0090021
236,0.0031859,0.4066789,0.1102944,0.4540380,0.0027771,0.0037721,0.0098387,0.0048811,0.0045338
237,0.0013548,0.0193268,0.0027827,0.0026052,0.9631661,0.0020222,0.0007205,0.0022381,0.0057837
238,0.0108138,0.5276732,0.3854847,0.0263573,0.0072654,0.0078715,0.0065405,0.0107942,0.0171995
239,0.2623196,0.0172698,0.0184028,0.0140050,0.0080644,0.2013844,0.1793341,0.1207395,0.1784805
240,0.0974731,0.0129505,0.0117071,0.0228395,0.0212843,0.3704667,0.3635375,0.0798186,0.0199227
241,0.0217810,0.5186786,0.1489865,0.0123499,0.0043497,0.1298495,0.1369742,0.0132064,0.0138242
242,0.0034503,0.5053042,0.1990675,0.2711543,0.0031758,0.0034921,0.0061933,0.0044420,0.0037204
243,0.0575274,0.0187559,0.0116024,0.0113400,0.0063327,0.0326075,0.0139519,0.0276096,0.8202727
244,0.0095689,0.7937314,0.0695824,0.0250207,0.0040308,0.0127306,0.0154235,0.0106978,0.0592140
245,0.0035250,0.3010604,0.5031780,0.1617596,0.0030694,0.0096571,0.0067045,0.0046788,0.0063672
246,0.0025029,0.0008351,0.0008517,0.0006243,0.0002870,0.0060812,0.0015447,0.9856872,0.0015859
247,0.0030723,0.2125979,0.7190419,0.0455311,0.0022623,0.0029728,0.0078896,0.0034997,0.0031323
248,0.0477562,0.0047297,0.0038119,0.0029465,0.0022122,0.0164086,0.0042779,0.6910577,0.2267993
249,0.0294313,0.0032650,0.0027670,0.0024404,0.0021863,0.0123206,0.0063833,0.9322448,0.0089615
250,0.0006261,0.0011542,0.0020858,0.0009879,0.0002949,0.9922282,0.0006544,0.0012174,0.0007510
251,0.2037164,0.0688708,0.0255210,0.0291775,0.0171750,0.3265788,0.0233620,0.2066314,0.0989671
252,0.0035422,0.9018086,0.0612315,0.0160714,0.0024582,0.0036418,0.0024492,0.0035445,0.0052525
253,0.0021538,0.9204172,0.0544887,0.0068645,0.0017108,0.0021864,0.0050333,0.0037566,0.0033887
254,0.0037519,0.3624802,0.5722833,0.0033274,0.0057170,0.0093142,0.0052730,0.0309821,0.0068708
255,0.0025243,0.0041682,0.0017740,0.0037139,0.9724154,0.0021290,0.0014962,0.0080520,0.0037268
256,0.0007958,0.0064128,0.0022891,0.0019020,0.9810349,0.0008811,0.0012030,0.0030497,0.0024314
257,0.6189685,0.0282148,0.0741509,0.0191366,0.0066241,0.0438998,0.0506257,0.0267557,0.1316238
258,0.0075326,0.0011121,0.0009078,0.0014656,0.0006469,0.9639099,0.0015359,0.0138284,0.0090609
259,0.0034198,0.7758509,0.1667153,0.0323118,0.0020156,0.0041611,0.0093095,0.0031509,0.0030651
260,0.0674381,0.5581095,0.0474949,0.0201865,0.0115671,0.0265015,0.0146721,0.0306079,0.2234224
261,0.0005366,0.0007865,0.0004873,0.0006437,0.0002799,0.9950441,0.0006562,0.0009466,0.0006190
262,0.0011641,0.0032134,0.0008642,0.0017490,0.9855622,0.0010284,0.0006008,0.0026888,0.0031290
263,0.0014234,0.0028409,0.0010262,0.0015086,0.9867429,0.0012085,0.0026643,0.0015456,0.0010397
264,0.0097650,0.0017115,0.0013455,0.0011866,0.0009487,0.9031681,0.0648378,0.0108930,0.0061439
265,0.0020555,0.9299941,0.0363423,0.0194027,0.0017758,0.0020699,0.0028493,0.0022047,0.0033059
266,0.0082390,0.8700901,0.0647540,0.0096284,0.0033018,0.0063180,0.0133203,0.0080848,0.0162636
267,0.0044773,0.0008326,0.0008910,0.0004651,0.0004563,0.9833953,0.0031368,0.0035691,0.0027765
268,0.0039185,0.5776739,0.3043497,0.0775817,0.0033542,0.0042859,0.0176295,0.0059835,0.0052231
269,0.0052252,0.0014398,0.0017245,0.0019339,0.0005394,0.0024453,0.0050918,0.9802954,0.0013046
270,0.0051560,0.0268851,0.0123671,0.0026926,0.0034781,0.0036120,0.0032687,0.9237472,0.0187932
271,0.0499889,0.0037982,0.0037691,0.0014955,0.0013877,0.0076020,0.0053021,0.0193074,0.9073492
272,0.0024339,0.9251194,0.0350626,0.0182529,0.0020010,0.0029143,0.0043553,0.0042415,0.0056191
273,0.0063289,0.0014869,0.0013195,0.0016655,0.0009807,0.9414981,0.0109288,0.0252517,0.0105398
274,0.0037491,0.9277899,0.0454750,0.0071166,0.0022879,0.0027559,0.0031160,0.0032163,0.0044932
275,0.0005912,0.0007858,0.0009572,0.0004318,0.0003810,0.9938060,0.0008986,0.0012878,0.0008606
276,0.0026940,0.4941867,0.4732206,0.0029560,0.0035605,0.0042667,0.0045044,0.0117909,0.0028202
277,0.0015898,0.0023435,0.0010664,0.0017130,0.9822744,0.0016461,0.0026433,0.0016285,0.0050949
278,0.0039889,0.7943544,0.1669550,0.0165918,0.0029132,0.0032500,0.0047209,0.0038767,0.0033490
279,0.0037875,0.0012992,0.0011189,0.0019313,0.0013656,0.9729028,0.0020767,0.0061603,0.0093577
280,0.0280056,0.0041890,0.0039334,0.0068969,0.0020584,0.8973429,0.0218422,0.0283973,0.0073344
281,0.0059153,0.0029293,0.0023105,0.0020836,0.0012728,0.0183845,0.0031396,0.9517288,0.0122356
282,0.0026426,0.7797920,0.1222705,0.0787723,0.0022017,0.0032635,0.0052789,0.0027095,0.0030690
283,0.0024896,0.0027845,0.0022784,0.0027495,0.0010127,0.9779482,0.0027316,0.0050447,0.0029608
284,0.1322532,0.1045806,0.0529582,0.0579976,0.1248917,0.1080938,0.2084710,0.1186530,0.0921010
285,0.0354664,0.0163493,0.0077753,0.0067398,0.0042355,0.0785922,0.0127076,0.7569852,0.0811488
286,0.3177000,0.0104694,0.0064447,0.0109886,0.0043264,0.4690918,0.0189938,0.0820580,0.0799272
287,0.0230078,0.0069357,0.0059526,0.0051301,0.0023880,0.0161825,0.0287218,0.8982044,0.0134768
288,0.7870535,0.0058668,0.0045949,0.0042703,0.0017921,0.1082744,0.0238748,0.0498972,0.0143762
289,0.0151575,0.3854218,0.4126301,0.0654527,0.0058878,0.0215555,0.0454640,0.0238353,0.0245952
290,0.0151321,0.7887084,0.0778117,0.0186461,0.0060824,0.0414852,0.0182401,0.0119038,0.0219903
291,0.0995156,0.1169586,0.0429978,0.0360568,0.0246670,0.3471076,0.0695662,0.0995413,0.1635892
292,0.1521238,0.0712126,0.0821082,0.0349631,0.0176894,0.0837589,0.1257676,0.2768835,0.1554929
293,0.0103885,0.0048567,0.0030175,0.0523415,0.0013375,0.9027762,0.0044523,0.0059420,0.0148879
294,0.0141303,0.4423452,0.2941529,0.0844562,0.0062379,0.0211615,0.0738045,0.0192878,0.0444237
295,0.0049407,0.0995086,0.0249178,0.0076478,0.0045534,0.0043167,0.0022989,0.0045303,0.8472859
296,0.0011656,0.0025947,0.0008747,0.0054932,0.9853474,0.0010231,0.0010580,0.0014612,0.0009820
297,0.0026099,0.8259215,0.1388128,0.0194716,0.0017765,0.0020756,0.0035651,0.0026971,0.0030701
298,0.0015439,0.0031805,0.0039649,0.0038740,0.0007110,0.9768515,0.0009352,0.0068638,0.0020752
299,0.0059446,0.4596617,0.4858996,0.0173025,0.0031830,0.0075591,0.0063427,0.0073527,0.0067540
300,0.0048720,0.7855435,0.0726125,0.1064223,0.0038452,0.0110310,0.0049428,0.0046954,0.0060355
301,0.0039047,0.5063506,0.3059700,0.1413744,0.0046848,0.0066007,0.0207255,0.0064519,0.0039375
302,0.0127005,0.0035680,0.0026511,0.0217916,0.0014320,0.8969020,0.0046108,0.0129896,0.0433545
303,0.0029275,0.0033955,0.0029262,0.0008870,0.0011258,0.0152540,0.0138562,0.9572487,0.0023791
304,0.0313861,0.0160714,0.0086327,0.0115099,0.0035548,0.0504868,0.0290736,0.1722837,0.6770010
305,0.0030485,0.0059643,0.0012579,0.0017467,0.9741901,0.0014780,0.0017289,0.0075236,0.0030619
306,0.0381915,0.0178465,0.0110316,0.0051953,0.0038063,0.0334148,0.0206929,0.8315387,0.0382824
307,0.0011190,0.0006142,0.0004113,0.0024028,0.0063218,0.9833418,0.0021075,0.0023500,0.0013316
308,0.0019132,0.0008927,0.0009162,0.0007773,0.0004970,0.9909468,0.0007771,0.0018009,0.0014790
309,0.0317508,0.5102034,0.0613301,0.0146149,0.0105119,0.2586601,0.0564141,0.0236007,0.0329140
310,0.0078998,0.6189291,0.2064153,0.1077983,0.0070297,0.0138705,0.0080410,0.0116284,0.0183879
311,0.0013858,0.0009885,0.0008491,0.0013318,0.0005391,0.9901192,0.0012209,0.0022000,0.0013657
312,0.0019815,0.6752898,0.3069170,0.0054894,0.0015878,0.0018581,0.0028341,0.0019523,0.0020901
313,0.0093169,0.0044019,0.0070751,0.0014566,0.0009195,0.0034762,0.0017466,0.0033453,0.9682618
314,0.0019843,0.9504215,0.0315387,0.0065915,0.0014149,0.0017293,0.0018380,0.0023988,0.0020831
315,0.0039150,0.1239831,0.8436170,0.0025251,0.0051730,0.0044510,0.0032095,0.0067425,0.0063837
316,0.0225894,0.0238169,0.0072325,0.0034663,0.0022090,0.0069146,0.0053492,0.8988677,0.0295544
317,0.0007025,0.0007237,0.0005081,0.0006024,0.0003286,0.9946023,0.0005702,0.0012073,0.0007548
318,0.0004547,0.0012663,0.0015957,0.0010325,0.0002682,0.9938509,0.0004096,0.0006579,0.0004641
319,0.0936074,0.0125598,0.0063264,0.0030011,0.0023424,0.0228087,0.0062610,0.0366437,0.8164495
320,0.0005540,0.0007950,0.0005924,0.0006064,0.0002801,0.9944537,0.0005033,0.0013902,0.0008249
321,0.0026445,0.9222264,0.0485495,0.0094089,0.0021763,0.0031203,0.0047663,0.0039899,0.0031180
322,0.0029897,0.0400416,0.0203375,0.0112792,0.9074765,0.0027150,0.0071087,0.0053185,0.0027333
323,0.0798183,0.0067443,0.0107194,0.0080088,0.0026743,0.0975250,0.0426353,0.0394762,0.7123983
324,0.0314559,0.4493681,0.3188708,0.1032153,0.0067382,0.0177069,0.0410140,0.0152082,0.0164226
325,0.1186384,0.0067231,0.0050063,0.0092165,0.0023534,0.0462758,0.0053431,0.0100037,0.7964398
326,0.0006484,0.0011467,0.0007028,0.0012092,0.0003441,0.9933942,0.0007552,0.0009232,0.0008763
327,0.0070202,0.7350786,0.0766081,0.1424455,0.0052516,0.0140845,0.0059423,0.0063139,0.0072553
328,0.0099066,0.5411293,0.3763116,0.0238519,0.0045044,0.0099772,0.0128898,0.0146424,0.0067868
329,0.0145896,0.3907839,0.1719121,0.2770294,0.0143841,0.0201855,0.0658830,0.0351969,0.0100355
330,0.0107486,0.0146849,0.0126958,0.0100430,0.0034892,0.0128812,0.0076449,0.8569414,0.0708711
331,0.0043867,0.0039884,0.0049996,0.0017304,0.0010987,0.8492015,0.1020863,0.0290586,0.0034498
332,0.0182264,0.0212842,0.0145048,0.0148440,0.0064843,0.8588287,0.0256031,0.0277612,0.0124634
333,0.0047536,0.0081183,0.0022038,0.0140790,0.9177080,0.0403463,0.0028030,0.0059531,0.0040349
334,0.0039994,0.0024178,0.0010745,0.0017788,0.0005976,0.0024009,0.0019773,0.9752701,0.0104835
335,0.0071704,0.4994899,0.3427658,0.1009049,0.0039237,0.0068252,0.0245853,0.0065675,0.0077674
336,0.0247571,0.0223886,0.0104498,0.0128570,0.0020350,0.0121779,0.0150229,0.0134223,0.8868894
337,0.0033441,0.7420514,0.1883518,0.0437376,0.0028588,0.0033110,0.0087666,0.0039579,0.0036209
338,0.0024147,0.0022699,0.0029612,0.0012102,0.0006429,0.9833997,0.0025820,0.0027543,0.0017650
339,0.3639983,0.0065788,0.0057982,0.0045613,0.0037462,0.0588510,0.0112174,0.0161963,0.5290526
340,0.0039757,0.0057445,0.0022457,0.0054325,0.9563028,0.0117031,0.0081458,0.0041109,0.0023391
341,0.0029234,0.3797043,0.4387360,0.1553674,0.0026631,0.0030913,0.0095369,0.0033621,0.0046156
342,0.0400569,0.0039244,0.0153253,0.0032573,0.0023793,0.0204656,0.1180806,0.7826468,0.0138639
343,0.3965456,0.0245220,0.0132161,0.0158128,0.0782655,0.1162248,0.0337892,0.2036921,0.1179321
344,0.0085976,0.1731958,0.5964448,0.0684290,0.0041327,0.0276526,0.0984182,0.0155690,0.0075603
345,0.0014467,0.0028366,0.0019783,0.0034947,0.0007585,0.9800736,0.0028275,0.0051881,0.0013961
346,0.0023256,0.6388230,0.2405700,0.1031519,0.0021211,0.0023055,0.0044990,0.0030933,0.0031105
347,0.0693467,0.0091797,0.0087595,0.0078270,0.0043067,0.7963470,0.0243942,0.0413152,0.0385241
348,0.0074885,0.1611606,0.2343640,0.5269924,0.0042108,0.0165919,0.0371570,0.0068252,0.0052096
349,0.0032998,0.8466759,0.0893891,0.0273009,0.0053971,0.0035387,0.0111906,0.0100738,0.0031341
350,0.0103402,0.7747388,0.0272942,0.0194323,0.0415681,0.0068553,0.0136708,0.0248016,0.0812987
351,0.1401467,0.0087369,0.0079639,0.0042039,0.0031922,0.0688127,0.0385053,0.7167791,0.0116593
352,0.0216600,0.3218991,0.5009649,0.0797309,0.0049397,0.0147084,0.0341510,0.0093643,0.0125818
353,0.1387689,0.1988168,0.0518845,0.0489326,0.0274365,0.1008070,0.0330207,0.1078568,0.2924763
354,0.0083326,0.0042780,0.0038080,0.0022198,0.0019919,0.0163125,0.0189424,0.9347534,0.0093614
355,0.0024104,0.2744100,0.6554053,0.0496041,0.0020291,0.0032106,0.0061231,0.0032625,0.0035450
356,0.0010730,0.0009747,0.0015128,0.0024271,0.0003204,0.9886957,0.0038729,0.0006859,0.0004374
357,0.0357259,0.2346036,0.4459795,0.1046766,0.0053059,0.0329046,0.1195604,0.0111297,0.0101139
358,0.0038876,0.0048606,0.0039314,0.0122849,0.0012992,0.9582633,0.0081780,0.0043766,0.0029184
359,0.0009015,0.0021875,0.0009779,0.0028201,0.0005080,0.9889395,0.0010757,0.0017282,0.0008615
360,0.4251206,0.0309293,0.0228163,0.0174784,0.0112376,0.0543952,0.2263845,0.1745878,0.0370504
361,0.0205331,0.4580536,0.1939793,0.0255609,0.0579612,0.0150237,0.0406943,0.0398282,0.1483657
362,0.0040747,0.4295616,0.4854272,0.0417401,0.0046461,0.0049981,0.0227944,0.0037525,0.0030053
363,0.0011373,0.0020351,0.0014005,0.0033398,0.0005305,0.9822436,0.0013213,0.0062853,0.0017066
364,0.0025461,0.8764058,0.0348431,0.0611368,0.0043555,0.0052304,0.0028427,0.0046087,0.0080309
365,0.0079457,0.0088020,0.0063728,0.0068382,0.0027610,0.9367365,0.0125987,0.0124429,0.0055024
366,0.0042278,0.4500933,0.4660377,0.0443794,0.0031176,0.0056475,0.0177247,0.0049120,0.0038600
367,0.0084393,0.8125141,0.0222393,0.0451394,0.0097520,0.0306250,0.0107496,0.0118974,0.0486438
368,0.0056406,0.0032005,0.0012724,0.0012370,0.0008446,0.9761000,0.0043046,0.0038398,0.0035605
369,0.0029050,0.8547154,0.1148810,0.0027928,0.0037392,0.0052498,0.0040304,0.0086642,0.0030222
370,0.0107818,0.0039608,0.0026282,0.0029383,0.0015062,0.0117108,0.0109713,0.9492347,0.0062678
371,0.0040031,0.9232231,0.0351889,0.0138428,0.0023690,0.0039584,0.0057396,0.0052060,0.0064690
372,0.0063269,0.4242857,0.4480737,0.0688218,0.0033456,0.0074553,0.0192414,0.0157820,0.0066677
373,0.0245148,0.0159725,0.0076084,0.0045619,0.0034707,0.0298334,0.8613437,0.0396369,0.0130577
374,0.0020915,0.8062367,0.1298109,0.0460406,0.0019660,0.0023069,0.0055882,0.0031432,0.0028160
375,0.0037684,0.4441775,0.5038093,0.0030093,0.0055661,0.0078536,0.0118192,0.0156594,0.0043372
376,0.0046893,0.2192720,0.6178311,0.0985809,0.0039279,0.0107120,0.0293758,0.0052791,0.0103320
377,0.0042899,0.0880323,0.8595256,0.0287250,0.0026826,0.0029555,0.0052124,0.0035767,0.0049999
378,0.0057430,0.7894234,0.1429101,0.0257083,0.0029562,0.0083368,0.0106093,0.0104203,0.0038927
379,0.0373149,0.0036494,0.0032574,0.0029772,0.0149873,0.0301995,0.0517461,0.8450732,0.0107950
380,0.0006604,0.0005036,0.0004569,0.0004623,0.0002623,0.9933908,0.0005577,0.0023669,0.0013392
381,0.0017795,0.0025309,0.0013905,0.0023179,0.9753108,0.0055276,0.0009973,0.0056566,0.0044888
382,0.0207296,0.3511280,0.0885673,0.0330629,0.0044093,0.0833749,0.1194633,0.2906896,0.0085751
383,0.0028049,0.2066558,0.7548673,0.0022240,0.0023794,0.0086590,0.0096955,0.0098708,0.0028434
384,0.0107273,0.2665647,0.5658133,0.0348318,0.0037292,0.0060455,0.0993203,0.0082983,0.0046696
385,0.0171030,0.0046877,0.0086042,0.0032913,0.0038283,0.0121130,0.0056233,0.7509046,0.1938447
386,0.0045918,0.3757539,0.4504575,0.1293915,0.0028895,0.0044393,0.0230887,0.0043874,0.0050003
387,0.0178599,0.0274315,0.0073070,0.0165889,0.0041643,0.0461964,0.0057451,0.1186772,0.7560297
388,0.0015384,0.0040277,0.0024501,0.0040493,0.0008647,0.0080201,0.0028241,0.0021218,0.9741040
389,0.0079582,0.6777787,0.2559446,0.0174549,0.0029634,0.0066343,0.0177137,0.0066053,0.0069469
390,0.0011422,0.0009499,0.0006933,0.0007867,0.0003351,0.9918885,0.0022330,0.0013378,0.0006335
391,0.0036564,0.4048152,0.4392131,0.1264537,0.0033285,0.0038868,0.0100621,0.0046522,0.0039320
392,0.0031078,0.3317522,0.5355183,0.1054119,0.0024419,0.0033038,0.0127140,0.0029813,0.0027689
393,0.0030060,0.0014643,0.0011284,0.0012336,0.0007072,0.9800518,0.0039050,0.0057106,0.0027932
394,0.0059286,0.0183302,0.0242920,0.0034953,0.0008902,0.0111861,0.9044117,0.0262316,0.0052344
395,0.0024604,0.3416972,0.6248441,0.0155512,0.0021596,0.0024153,0.0047233,0.0028620,0.0032870
396,0.0149317,0.0061541,0.0094538,0.0019556,0.0087562,0.0117305,0.0094736,0.9192629,0.0182816
397,0.0057112,0.6021147,0.2806419,0.0809687,0.0038953,0.0060532,0.0060448,0.0052325,0.0093376
398,0.1020982,0.0113265,0.0153606,0.0049978,0.0042399,0.0279038,0.0186939,0.7953555,0.0200237
399,0.0872203,0.4978907,0.0472446,0.0337828,0.0336067,0.0707761,0.0459524,0.0804491,0.1030772
400,0.0176736,0.2889091,0.2145846,0.3411836,0.0049677,0.0472080,0.0588020,0.0144147,0.0122567
401,0.0060998,0.5194377,0.3508502,0.0768252,0.0039260,0.0057208,0.0210333,0.0084939,0.0076130
402,0.0265861,0.0034954,0.0026149,0.0032945,0.0018700,0.0185547,0.0042089,0.9244893,0.0148861
403,0.0023315,0.6909014,0.2748647,0.0151257,0.0018206,0.0038571,0.0062397,0.0022848,0.0025746
404,0.0056949,0.1582913,0.5531804,0.2334576,0.0040805,0.0143004,0.0065337,0.0141507,0.0103106
405,0.0045268,0.8538358,0.0635930,0.0277186,0.0028753,0.0047371,0.0201668,0.0158515,0.0066951
406,0.0032019,0.2890262,0.6353806,0.0028327,0.0028015,0.0081595,0.0048770,0.0505894,0.0031311
407,0.0065943,0.0021282,0.0016094,0.0018396,0.0011148,0.0096069,0.0024216,0.9648238,0.0098614
408,0.0155239,0.0027086,0.0025293,0.0060362,0.0010709,0.1482375,0.0058842,0.0032185,0.8147910
409,0.0042746,0.6264331,0.3059556,0.0377258,0.0029479,0.0045847,0.0087901,0.0047099,0.0045783
410,0.0067788,0.4655846,0.3548097,0.1073193,0.0030396,0.0093388,0.0429594,0.0055830,0.0045868
411,0.0012069,0.0020625,0.0006389,0.0013283,0.9901249,0.0010618,0.0008815,0.0016004,0.0010946
412,0.0034337,0.0029891,0.0022714,0.0045702,0.0009587,0.9740167,0.0026758,0.0033509,0.0057336
413,0.0064085,0.7849984,0.1687487,0.0063962,0.0030138,0.0067237,0.0042706,0.0073926,0.0120473
414,0.0011602,0.0007440,0.0007569,0.0007009,0.0004879,0.9914337,0.0019702,0.0018403,0.0009059
415,0.0098026,0.2446575,0.0804445,0.5179558,0.0047701,0.1027472,0.0065592,0.0094538,0.0236092
416,0.0051169,0.0116929,0.0061081,0.0035159,0.0015902,0.0135702,0.0033759,0.9371771,0.0178529
417,0.0031989,0.0020547,0.0013274,0.0019422,0.0008334,0.9805222,0.0019194,0.0026986,0.0055032
418,0.0022486,0.0011871,0.0012067,0.0045027,0.0004472,0.0054145,0.0022198,0.9815192,0.0012542
419,0.0408509,0.1115196,0.0912782,0.0282121,0.0122820,0.0429411,0.6084270,0.0477304,0.0167587
420,0.0047477,0.5739715,0.3191254,0.0759556,0.0033387,0.0033871,0.0113812,0.0043199,0.0037730
421,0.0017851,0.0024460,0.0016055,0.0017222,0.0007310,0.9845145,0.0028412,0.0028374,0.0015172
422,0.0008530,0.0004746,0.0003528,0.0007633,0.0002902,0.9941719,0.0006950,0.0012487,0.0011505
423,0.0018722,0.9346796,0.0371750,0.0057193,0.0096123,0.0017076,0.0051644,0.0021065,0.0019633
424,0.0038965,0.6957716,0.2038433,0.0033017,0.0084839,0.0049167,0.0070137,0.0662362,0.0065365
425,0.0011316,0.0005516,0.0004335,0.0004880,0.0003192,0.9941201,0.0005399,0.0010134,0.0014027
