id,Class_1,Class_2,Class_3,Class_4,Class_5,Class_6,Class_7,Class_8,Class_9
1,0.000171157633663,0.648091654379,0.326444095639,0.0014476596149,0.00265289580363,0.00435016304744,0.00177968112612,0.0148589826807,0.000203710075735
2,0.00903175887614,5.76328146302e-06,8.93599778198e-06,0.000936177993481,1.24003092602e-06,0.936109667969,0.00954831917233,0.0423177345726,0.00204040210645
3,0.0116911479208,5.19047392044e-06,1.85987271469e-06,7.32213561409e-06,2.94129466309e-06,0.0252430311248,0.00186830248815,0.956781043587,0.00439916110274
4,0.0250238693859,0.356298083988,0.0491267638683,0.00441806759327,0.435744562452,0.00308614876164,0.0135931812006,0.0304017379359,0.0823075848142
5,8.20928585056e-12,1.23727036736e-10,2.21521264188e-10,6.78062288504e-14,4.64154388988e-16,2.99380429552e-05,3.91027372214e-08,0.999970022472,2.88922687057e-11
6,0.0808423318694,8.14834158648e-06,1.58467923497e-06,5.98599515873e-07,1.28944402929e-05,0.00112281713953,4.37629458516e-06,0.00934633932908,0.908660909307
7,0.666883543703,1.50344189355e-05,2.944835889e-05,3.35262198151e-06,5.10629500436e-07,0.00654197202268,0.159314008375,0.166779456876,0.000432672994267
8,9.47722832715e-07,0.783853755137,0.168756462811,0.0473730934682,1.84193847705e-06,9.58172686095e-07,9.10521575249e-06,3.88371569297e-07,3.44716253718e-06
9,0.005306684879,7.54598180038e-05,0.000173342068143,0.00118286285872,2.07283111396e-05,0.849665861501,0.0594708690571,0.0830937096554,0.00101048185132
10,5.29156993655e-11,1.41113191933e-12,8.2567091058e-12,2.61705389382e-11,5.97564205492e-14,0.999999464843,5.26041046699e-11,3.5802674335e-07,1.76989126282e-07
11,2.45043631496e-06,0.507592101436,0.430576352261,0.0617698620312,1.61453743361e-05,4.49163921318e-07,3.53537926659e-05,1.49045847517e-06,5.7950457719e-06
12,0.000284988382583,0.871831552904,0.0850952294652,0.0394214135051,0.000561267848934,0.000232292233005,0.000371638899517,0.0007360048826,0.00146561187938
13,0.00056705049292,2.88112564035e-07,2.59770166193e-07,5.16451519878e-08,1.80083636049e-07,0.000899379466305,1.4316637052e-06,0.997785763195,0.000745595570796
14,0.0129846047652,4.63238291294e-06,8.83928959094e-07,1.41719275549e-05,1.31178649694e-05,0.58686130996,0.000908332304027,0.38979916021,0.00941378665647
15,1.14749105729e-06,5.01743368946e-06,1.42432259232e-05,1.02681787859e-05,1.94742906658e-07,0.99982975813,9.90182971862e-05,2.86270123123e-05,1.17254885042e-05
16,0.00743207377044,0.362527059836,0.0764138513995,0.388035628294,0.00531029214694,0.102124071614,0.032996417933,0.00311342386761,0.022047181139
17,4.66041491108e-06,0.576843727462,0.411259536061,0.000148606743104,0.00014537675767,0.000927710965582,0.000134367874715,0.0105213121215,1.47015991169e-05
18,6.21088277694e-05,0.600471125135,0.332395244859,0.0642171662578,0.000917782408854,0.000303543675599,0.00130664041488,0.000121202592107,0.000205185828007
19,0.00064654750079,1.22139988459e-06,1.16060921906e-07,9.08901619823e-08,3.9491156909e-07,0.00435398695088,3.90164394267e-06,0.971130212532,0.0238635281099
20,0.0507171560861,0.000378762095162,0.000129523684545,0.00140804785379,0.00036964498947,0.879870830598,0.0223897495332,0.021747884528,0.0229884006313
21,3.39379344491e-05,0.199958803905,0.63605061414,0.0501659024056,5.36999077886e-06,0.000649132326298,0.113078236577,2.485378223e-05,3.31489393562e-05
22,2.09808995925e-10,2.45512735864e-15,7.32525030336e-15,8.00921188083e-12,3.68342708194e-15,0.999999763522,9.94830471549e-12,2.14630759217e-07,2.16193319468e-08
23,0.00376047743731,3.0072650032e-05,2.9203001432e-05,2.05968685221e-06,2.8480496339e-06,0.000930537905923,0.000686765888726,0.994474411624,8.36237556366e-05
24,0.0153059242989,7.19810366929e-06,3.53685231391e-06,0.00176452146167,4.51824396994e-06,0.96003303853,0.00760423038843,0.00969615727486,0.00558087484643
25,1.46460993445e-06,0.913815945653,0.0393713844444,0.00439951253142,0.0423804413814,3.36605799821e-07,2.22931736808e-05,6.26897965128e-07,7.99470261347e-06
26,1.41717727944e-06,0.454783466695,0.523427980609,0.0211874805906,8.096665577e-07,1.37126096696e-06,0.000595064822837,7.53580205166e-07,1.65559797502e-06
27,9.16048149362e-11,5.59134294972e-12,1.72868517163e-11,2.06029690978e-10,4.69386162105e-12,0.999999579584,6.01442891368e-10,4.07245802784e-07,1.22438511435e-08
28,0.0024214079786,8.89347176e-06,3.62422071814e-06,2.87896154942e-06,3.64350113434e-06,0.000730827477857,2.43147954303e-06,0.00194197516862,0.99488431774
29,5.84641342581e-06,0.834150500756,0.136699211014,0.029065656114,1.01510845349e-05,6.0466980253e-06,2.95770882272e-05,5.6593337337e-06,2.73514984904e-05
30,2.81992214938e-10,1.18558951259e-11,6.46264451505e-11,1.18999907713e-10,6.02956050148e-13,0.999997056969,9.8229537531e-11,1.6899846809e-06,1.25247038164e-06
31,0.000182889887783,5.6495174398e-05,7.2955394645e-05,0.000113976720747,1.33335596031e-05,0.958431264408,0.00338847641026,0.0363557247106,0.00138488373426
32,5.26582411166e-05,0.295473431167,0.591472591605,0.108938374296,5.4843861943e-05,0.00012573007734,0.00357779424925,8.69278081938e-05,0.000217648694319
33,5.95566581169e-05,0.701603132373,0.2849400663,0.000587444224286,0.00274914823744,0.000905498092663,0.000463651510464,0.00856688766729,0.000124614936339
34,2.42019709364e-05,0.000139956073278,0.000213985833723,2.50715837977e-05,1.27132963166e-06,0.013800011803,0.00019407877097,0.985543855353,5.75672813889e-05
35,2.27105673298e-07,0.416437058281,0.574669274848,0.00887901338631,2.98267902041e-07,1.7324855946e-06,1.10031535378e-05,6.04983164797e-07,7.87489105947e-07
36,0.000483302188621,6.76368187797e-06,1.52872348314e-05,0.000259034648392,9.94604599062e-07,0.797298133455,0.00688103364138,0.193817060673,0.00123838987234
37,0.00122856629143,0.830524871769,0.142247308127,0.00438523278636,0.0127430259282,0.000316265881534,0.00220934455344,0.00264641127599,0.00369897338673
38,7.93815281701e-14,1.23457648141e-16,4.30761058356e-16,4.94296922192e-14,4.95452986928e-17,0.999999997598,5.20085424293e-14,2.18907077296e-09,2.13077197249e-10
39,1.26285082075e-09,3.82553581643e-10,6.46206959767e-10,1.72274763184e-09,1.56232097988e-11,0.999998951257,2.47561486423e-09,8.91191676733e-07,1.51046111073e-07
40,0.00486745781839,0.422946455373,0.426472559342,0.0549080300964,0.000364756741996,0.00111906305562,0.0881526872909,0.000406234118047,0.000762756164373
41,0.0882135741305,0.000146261522343,0.000130085896597,4.09194934834e-05,0.000113505939169,0.030299465074,0.00224805831734,0.637380111439,0.241428018188
42,1.99543162393e-06,3.30608290107e-05,4.45655771704e-06,0.000149436246803,0.999222914457,3.62242332161e-07,9.86402619503e-07,0.000458012298781,0.000128775534604
43,6.45156251946e-11,0.00117800912774,9.01056326781e-06,3.37780766926e-06,0.998809599983,5.48772383357e-13,1.64488130628e-09,4.13431055985e-11,7.67194811127e-10
44,0.00045581775471,4.2857463851e-05,1.18078609337e-05,0.000128412580989,4.86516942227e-05,0.990457121506,0.000578118345932,0.00625258294733,0.00202462984567
45,0.00651990834187,4.96209772178e-09,5.52852225053e-10,4.49950163858e-09,8.02274199139e-08,6.1197342052e-06,3.78939416336e-06,0.99316441225,0.000305680037854
46,0.0368350510769,0.0211415922226,0.00095964066952,0.0333828397668,0.000916238793348,0.736131990875,0.00566218288269,0.0131592226699,0.151811241043
47,0.0362412631249,0.000883088918413,0.000210766980793,9.0543638743e-05,0.00405960198645,0.045415940587,0.0057942333704,0.87377459504,0.0335299663533
48,0.989208455867,2.03623491101e-11,3.32062571801e-11,2.01321817162e-12,1.86332118581e-11,3.46927612847e-06,0.000247049360999,0.010494683945,4.63414764133e-05
49,0.000527475986538,0.923391110497,0.0727434299547,0.000226977258328,0.000748427314867,0.00014578540293,9.07305951241e-05,0.00165844423605,0.000467618754058
50,8.69550708319e-05,0.740990257899,0.246750859673,0.00461778438785,0.00599913453652,3.47789588024e-05,0.00133806116471,5.24692027915e-05,0.000129699106411
51,1.84352075728e-07,4.10887238293e-05,9.46545498102e-07,4.23683926891e-05,0.999914452225,1.25379047026e-08,4.59613381651e-07,1.33079534214e-07,3.54530511859e-07
52,0.000112780466655,0.0472345704371,0.04300047565,0.000741843662138,3.24938338738e-05,0.0712452085066,0.835655921934,0.00194944506033,2.7260448953e-05
53,1.08735169212e-05,3.62777481342e-11,4.74507536117e-11,1.13057710934e-07,1.22642095468e-11,0.989562761075,3.18036454361e-06,0.0104124624788,1.06094105951e-05
54,2.87636620255e-06,0.387540683919,0.576125959112,0.0359843888279,1.26019162523e-06,1.94370838029e-06,0.000337768465605,1.90400953119e-06,3.21539988169e-06
55,0.000949827746688,5.62175240037e-05,0.000118609013722,1.12942752987e-05,1.02651914789e-05,0.00989670449869,0.000739672738156,0.986464459125,0.0017529498865
56,0.00210992557344,0.00048891774459,0.00132984791555,0.000457223113496,7.99183376923e-07,0.140648550413,0.854086114843,0.000587584530452,0.000291036683041
57,0.00484130410745,0.00150958068905,0.00115359828308,3.16279909048e-05,2.56543133095e-05,0.0045316329407,0.0407559874142,0.946483716363,0.00066689789801
58,0.0320282968876,8.11039375512e-08,3.03964487465e-08,5.3707316549e-05,2.58656531285e-08,0.956592701316,0.00511997231797,0.00490612743786,0.00129905735814
59,0.000922422930079,3.25925234425e-11,9.94285989254e-12,8.80152022219e-06,1.79766757793e-11,0.998366369695,4.73312048524e-05,0.000541649181161,0.000113425408543
60,4.14107355186e-07,0.941500388439,0.0431662213371,0.0153170345015,9.64225881465e-06,4.78607187142e-07,1.67239156608e-06,4.36119536943e-07,3.71223799966e-06
61,0.000383975203892,1.37369927258e-05,4.84899745451e-06,1.38813021948e-05,9.82943067976e-06,0.96729209631,0.00262187793915,0.0289053777942,0.000754376029703
62,1.88069401465e-06,0.855489394376,0.139683881398,0.0047189835158,2.72924919991e-05,8.09553571008e-07,6.00832199907e-05,4.49762497011e-07,1.72249889021e-05
63,0.011534490568,4.06997547666e-05,2.2165921224e-05,2.49474517421e-06,1.00035505727e-05,0.00373758234999,0.00613203571463,0.978065959028,0.000454568368025
64,0.144396096079,0.000508914094907,0.000211051125331,0.000427668375881,0.000863951523597,0.651665118628,0.03468569159,0.145421776882,0.0218197317008
65,2.35402447353e-05,0.404244820105,0.499625972453,0.0935137691361,1.04592154791e-05,1.61197479104e-05,0.00251672832793,1.40286755887e-05,3.45620947165e-05
66,0.0142289148817,1.16094415468e-07,4.28814136572e-08,3.60346030629e-06,4.40033491763e-07,0.314900492828,0.00011143243308,0.000197735639066,0.670557221749
67,0.0523050526927,9.21534551794e-05,0.000113560742903,0.000520499468585,1.77763033177e-05,0.0657289834887,0.541073619134,0.339547070359,0.000601284355788
68,2.69825390068e-05,0.0060920054917,0.193885683503,0.134429352063,9.30120023423e-09,0.00060788852921,0.664361559893,7.94280933523e-06,0.000588575870082
69,6.83452573848e-08,4.49595372654e-12,2.46710552153e-11,1.2470113147e-12,1.41212490722e-12,8.99434166223e-09,2.64914679288e-09,0.999978457552,2.14624276987e-05
70,0.09053613225,0.22784457932,0.233210486939,0.14256754441,0.0052931413469,0.082300470403,0.183097868489,0.0169161627681,0.0182336140739
71,1.48725177164e-05,0.953838331712,0.0407723902661,0.00442786579086,7.07132012722e-05,1.24703161547e-05,0.000816526237237,9.96234888818e-06,3.68676093463e-05
72,0.00147111152547,4.14950929047e-06,2.41268820598e-06,3.20263859661e-07,9.73879626148e-07,0.0003137773024,0.00019117024994,0.997804932978,0.000211151603586
73,4.01583736624e-06,0.0460552463068,0.0152565945541,0.938575598075,4.32923009966e-07,5.12326682824e-05,5.22562137418e-05,8.58367479884e-07,3.76505393083e-06
74,2.06436263555e-07,0.792622860805,0.206962117089,0.000401137501159,8.94926612083e-06,5.77511650051e-08,1.48313078332e-06,1.50659966592e-06,1.68142092478e-06
75,2.9016932724e-12,1.25799263737e-12,5.12356051547e-12,5.57536831385e-11,1.93773914013e-14,0.999999992239,2.32646088687e-11,6.158241538e-09,1.51444263842e-09
76,4.05485428941e-08,1.28184896616e-06,2.03957718495e-06,1.53620170882e-06,1.23222226688e-08,0.999985675717,5.48525064227e-06,3.49978687666e-06,4.28746529573e-07
77,0.00019148831389,0.267219013506,0.323113374494,0.405693305583,0.000295768216248,0.000285567236796,0.00269176082932,0.000152061528407,0.000357660292625
78,8.62359180504e-06,0.913081639299,0.0817521567838,0.00425464674782,1.45971440797e-05,2.86354110021e-06,0.000875237280866,2.10931526975e-06,8.12629602606e-06
79,2.57236303284e-09,1.38594504406e-08,1.37121469458e-08,3.24514260326e-08,6.35962326319e-11,0.999998496418,5.08607367919e-07,9.03039954577e-07,2.92757895522e-08
80,0.997727825467,1.0163638867e-14,7.71782397013e-15,5.56248126682e-14,1.46079066775e-16,1.54906632745e-05,1.25806236551e-08,9.886161518e-05,0.00215780967398
81,7.25089726375e-13,4.96937619183e-13,5.18334899676e-14,1.9629138622e-12,1.14276786307e-15,0.999999981392,3.2538187519e-12,1.85344615185e-08,6.65996425727e-11
82,0.00655371869981,8.67697556926e-12,3.23644529066e-10,1.60732392389e-08,2.78496863568e-11,0.000482654740739,1.3265767274e-05,1.27091781686e-08,0.99295033165
83,0.0161661273257,0.000167106420261,0.000102877358717,0.00299247679545,0.000280750315361,0.905061534869,0.0646948325531,0.002373742324,0.00816055203856
84,0.586715567916,4.24506837432e-05,3.82563243488e-05,1.31576854561e-05,6.66035910337e-05,0.00671928788923,0.00155490676245,0.014951154256,0.389898614892
85,0.00143261379016,1.05822893274e-06,2.05110106548e-06,1.77500168339e-07,2.62487861636e-07,7.12624322134e-05,1.25167281509e-05,0.99819603819,0.000284019541796
86,0.000258206810027,0.711864106592,0.270108454766,0.000616902873747,0.00145889123752,0.00226987384078,0.00115922236592,0.0119460118399,0.000318329674857
87,0.0850369536103,8.44114191166e-05,3.71035890246e-05,2.66693701408e-06,0.000155492443366,0.000954417507487,5.49722562965e-05,0.0143188671825,0.899355115055
88,9.34522803359e-06,0.817224389744,0.170072640499,0.0126326629083,4.61062604853e-06,2.91511629143e-06,7.87086359995e-06,4.08563846282e-05,4.70863016907e-06
89,7.4634424673e-05,0.381193802348,0.511318535156,0.103380640709,2.36396026265e-05,2.1109631401e-05,0.00389733534099,3.04992031693e-05,5.98035829819e-05
90,0.000380323783669,1.29288387813e-10,1.44174564362e-10,6.48122001621e-07,2.45808759447e-11,0.978767260773,0.000297517943365,0.0205376378894,1.6611190256e-05
91,1.98669027908e-05,0.443013750275,0.0823156749949,0.474327686129,5.68058296925e-05,2.58454169476e-05,0.000132396038097,7.52677684744e-06,0.000100447636747
92,0.00475360466581,1.10315452234e-06,3.10200970923e-06,0.000159865761858,1.42537712796e-07,0.656986761608,0.091450237481,0.246023739479,0.000621443302816
93,5.96097183145e-05,0.698176404287,0.263984862696,0.0368819983374,0.00017455630155,1.22010797788e-05,0.000627874937898,3.03735358872e-05,5.21191065796e-05
94,4.55109466643e-12,1.90806086998e-12,3.33466214126e-12,9.49370069358e-13,1.45333889353e-14,0.999999985386,2.17563110255e-12,6.78385165627e-09,7.81748855555e-09
95,6.68635129207e-05,0.504199182784,0.400870723961,0.0900319214962,2.76316561216e-05,7.24163100329e-05,0.00465113337019,2.26102522567e-05,5.75166575865e-05
96,3.05958585672e-06,0.751530292726,0.179373532747,0.0689677723147,8.15309209381e-06,4.48716491309e-06,0.000103366577035,4.10126898113e-06,5.23452395236e-06
97,2.69389134479e-13,8.55796876187e-07,1.2876827093e-09,6.65522436495e-07,0.999998477379,4.85699422483e-15,1.33464669423e-11,5.38143383453e-14,3.88306335105e-13
98,4.12863871826e-12,2.61002074611e-16,8.59362661269e-17,5.55812528491e-22,4.58226845686e-21,6.07161287139e-11,1.54477282021e-14,0.999999999929,6.43449288379e-12
99,7.62671357826e-05,0.425392293045,0.201564212728,0.371287247821,0.000104164202634,0.000136076713955,0.00110086182132,3.29730976024e-05,0.000305903435777
100,0.145142202247,0.000789069326803,0.000396041008303,0.00142604111376,7.99506304692e-05,0.192409194002,0.0152696538644,0.00170961283016,0.642778234977
101,0.000185423922561,5.00455935131e-08,7.33081725869e-08,4.6320645515e-08,1.06826820528e-08,0.00491778842123,1.6139443908e-06,0.994471651231,0.000423342123374
102,4.89276223499e-05,0.363858621759,0.595079755059,0.000266917311006,6.18761103848e-05,0.00597385449005,0.0318117035498,0.00289278696848,5.55712989825e-06
103,8.04530054106e-09,1.4715395579e-08,1.56670046878e-08,2.12020906359e-08,1.12853203864e-09,0.999996787675,2.42683946252e-08,2.57724488544e-06,5.5005367204e-07
104,4.1239725339e-05,0.820230276414,0.159927483142,0.00237991414559,1.3105628285e-06,2.59239908405e-05,0.0173116816274,6.03095701906e-05,2.1860821541e-05
105,0.00207143433762,6.75183859934e-11,3.73491246568e-10,1.56408390933e-10,1.64433636614e-10,0.000117480213879,2.59425249316e-09,0.00773012438152,0.990080957711
106,0.000417675960206,0.314291635732,0.448286963722,0.212315878678,3.7390896496e-05,0.000368198210507,0.0240974621091,4.49572786856e-05,0.000139837413133
107,2.53467910849e-07,1.06814804769e-08,2.30752860877e-08,5.72832961553e-07,4.4599477454e-09,0.999986872022,6.33330313523e-07,8.71418079162e-06,2.91594884675e-06
108,0.070853606679,5.14407614022e-05,0.000140315816384,2.30203893046e-05,8.14802638185e-06,0.0204036352196,0.879152552845,0.0282018574822,0.00116542278029
109,0.00447624952646,6.39035504983e-09,1.81949369924e-09,5.67048504362e-05,3.41647460876e-09,0.989609792953,0.00176226115893,0.000672310653115,0.00342266923174
110,0.959467059155,1.02208754374e-06,4.39159850008e-06,2.8558593127e-08,1.21432430248e-07,2.22813683617e-05,0.00802008493386,0.032110412027,0.000374598838571
111,4.62480396488e-05,0.3369013871,0.126415466421,0.534077708981,0.00013901113257,2.21518026685e-05,0.00227626534159,8.20345986895e-06,0.000113557722095
112,3.92886750864e-05,0.9112584662,0.0804835854207,0.00632205914745,0.000105257503894,1.40624941459e-05,0.00170087250736,2.80361431018e-05,4.8371908292e-05
113,2.19709005811e-10,1.10950519298e-09,2.54808529475e-09,7.08939974778e-09,1.86854534226e-11,0.999999911386,2.79778144621e-09,6.73584346384e-08,7.47199519299e-09
114,0.000226287935397,1.61402319196e-07,2.78245447984e-07,2.10162959744e-08,1.35437016853e-08,0.0116093752764,0.000625154780773,0.987530138721,8.56907900366e-06
115,0.00143122676987,0.442320834991,0.445544042718,0.0981194534039,0.000278242142332,0.00080852015584,0.0103593506437,0.000363375706992,0.000774953467499
116,9.52487989555e-06,0.908267832569,0.00555003847136,0.0858784964221,1.37842916601e-05,0.000161774436338,1.21697606546e-06,1.68052014759e-05,0.000100526752439
117,1.77093048734e-06,0.407550186421,0.547695824545,0.0447160076444,1.96505672217e-06,8.44461151362e-07,2.48039164233e-05,1.99868475086e-06,6.5983398648e-06
118,5.21195284745e-05,7.69365897574e-06,1.46052333132e-05,2.57746280321e-05,4.09868132783e-06,0.999152141052,0.000182981709249,0.000501590427896,5.89950802409e-05
119,4.46198748686e-05,0.00850677155725,0.000625296726213,0.000649903289242,0.989873951984,3.25792756036e-06,0.000195851100638,3.31926130544e-05,6.71549272402e-05
120,4.01513068711e-05,0.834724243026,0.163258175778,0.000559251625158,0.000778882195019,5.35079921809e-06,1.47617357858e-05,0.00033333299746,0.000285850536261
121,0.561446665629,0.000210287987244,9.65232907928e-05,3.88546454794e-05,0.000237521111386,0.0191936407231,0.0113372234598,0.368197947902,0.0392413352509
122,5.12970554084e-08,0.958696519745,0.0366997335176,0.00460114395261,3.2741482057e-07,3.04021815099e-07,1.70359444415e-06,1.02057347267e-07,1.14398941916e-07
123,0.0463177455929,7.06435206001e-05,0.000144198327295,7.03187507632e-05,9.46866378704e-05,0.0036658707101,0.00131059622046,0.0480361394235,0.900289800816
124,0.000332325228488,5.51141922972e-07,5.60314198747e-07,2.00248998018e-07,1.57133414375e-07,0.00462325790239,4.06433934024e-06,0.993543096431,0.00149578725995
125,0.000777060364841,0.491222913788,0.382738861464,0.116757305486,0.00162047877324,0.000153164211877,0.00572099153717,0.000534127561735,0.000475096812863
126,4.62714781981e-05,0.00074791793293,0.00152064802373,0.000474570237187,1.17240334038e-05,0.993431930256,0.00301600395968,0.000611521902186,0.000139412176993
127,0.306963184146,1.21054635055e-07,4.67194680258e-07,1.01041438651e-06,7.22464213271e-08,0.00893221026248,2.00127872152e-05,0.000126979154272,0.68395594274
128,4.90666282272e-09,4.11736236454e-10,9.7073551791e-10,4.21149871318e-09,4.03311738111e-11,0.999998899696,1.47641423965e-08,8.62852082132e-07,2.12146911428e-07
129,0.00968990032606,0.606389847947,0.248401130588,0.0469766989287,0.0040231589162,0.00590399903275,0.0674792744944,0.00610480212503,0.00503118764235
130,8.32993561174e-14,2.47571613882e-11,7.37913990832e-11,1.89274512109e-11,8.3692880679e-15,0.999999998828,6.27857174826e-11,9.79044474404e-10,1.30220900682e-11
131,0.0030785845284,0.0468168271128,0.0487561632869,0.00140219216189,0.00101359841188,0.0134117649128,0.0308067683622,0.851971387335,0.00274271388818
132,3.21635408693e-05,0.459106870293,0.479571398637,0.0604928703373,1.65982853806e-05,5.45288522565e-06,0.000722663381078,1.7289597476e-05,3.46930431855e-05
133,1.97436839922e-05,0.598372769328,0.33402383248,0.0670593257279,3.28633921426e-05,1.16388873049e-05,0.000430407278151,1.68360842487e-05,3.25831387319e-05
134,0.389379770817,0.0086186286969,0.00117102884124,0.000352637175342,0.00873984359675,0.00502749589362,0.0112011487486,0.0381612548026,0.537348191428
135,8.00041716866e-08,0.000576142109285,3.65611510919e-06,2.98812551099e-05,0.99938986321,1.13518656836e-09,1.82207256134e-07,3.71793541386e-08,1.5678493607e-07
136,7.96768338001e-09,0.315583527445,0.676193214228,0.00781367338404,8.97522932858e-10,4.1512735425e-07,0.000409153327057,1.67147144302e-09,5.95201515611e-09
137,0.00117993847013,1.00612347634e-10,7.50390154982e-11,9.21228490726e-05,2.68326703729e-11,0.997431598869,0.000250691274878,0.000699612574711,0.000346035760057
138,1.89852335143e-08,0.781935726079,0.216336381818,0.00172690717887,1.41926911138e-07,2.15408957419e-08,6.16066639268e-07,9.84662673159e-08,8.79384551676e-08
139,0.368324040399,0.0119865165918,0.00849574215717,0.00381885120963,0.00172661395135,0.10106203918,0.141400223823,0.14759257293,0.215593399758
140,0.0116946578902,4.7599569174e-06,1.07605796605e-06,1.00748066505e-06,2.32168850906e-05,0.00035022901,1.39317033235e-05,0.742078515268,0.245832605747
141,0.000613028138452,6.13630819775e-07,1.13309952246e-06,5.62045259593e-07,2.63415185083e-08,0.000112784861079,0.00116851736753,0.998050691799,5.2642716896e-05
142,0.00807935480576,0.000124514451086,8.35086951264e-05,7.90302628435e-05,2.17074527494e-05,0.00296679402924,0.00360975966118,0.980895341369,0.00413998927257
143,4.65673429274e-09,6.82155682176e-13,1.52054259848e-12,1.83979564247e-08,1.43306061401e-14,0.999997850287,1.18472162987e-09,9.73295680986e-07,1.15217579603e-06
144,0.000512541083336,0.884054804747,0.0645792676208,0.0303306305691,0.00119635864888,0.00108859705542,0.0177002791736,0.000134710043001,0.000402811058883
145,0.00381679363569,4.79888962221e-06,6.06724608683e-06,2.91336592993e-05,1.18392803583e-05,0.165429088597,0.000895640881346,0.000496747227452,0.829309890584
146,0.000646231859321,1.50485841637e-07,7.33054086596e-07,1.89992105392e-06,5.30957632874e-09,0.00544715058505,0.0074325188009,0.986405328551,6.5981432992e-05
147,1.88591678006e-06,0.963850549351,0.0275345885232,0.00858503404989,1.00159179778e-05,2.7344687342e-06,7.52385747944e-06,3.95644640404e-06,3.71146890702e-06
148,0.0275513962098,2.41249449321e-07,7.75219385166e-08,0.000269432845254,3.24586913789e-07,0.950946031951,0.00232309381273,0.0150146970762,0.0038947047469
149,0.033213205747,0.000833911135529,0.000653906105682,0.000261667093039,0.000191851162852,0.00154274431499,0.00438064666561,0.94912037056,0.00980169721527
150,5.62682235731e-05,0.0333388896162,0.0239447163746,0.941668514176,9.47751381696e-05,0.000273968881191,0.000449133797945,1.58679164442e-05,0.000157865875671
151,0.000309627180983,0.987275268067,0.00529953652126,0.00525788410807,0.000386062097983,0.000151827157107,8.00121704173e-05,9.64035460032e-05,0.00114337915162
152,9.1600579406e-05,0.443197090709,0.472074092765,0.0759390730398,3.56600599711e-05,3.77153933825e-05,0.00847521815903,4.1150958265e-05,0.000108398336794
153,0.0344961897999,0.00409096052375,0.00277346603766,0.000439818183823,0.00149974528134,0.00167221043946,0.00530350300651,0.917353616419,0.032370490309
154,2.90196097242e-09,5.71128891921e-13,2.53757767609e-12,2.9448123702e-09,2.07217600757e-13,0.999998436986,9.59859859996e-10,5.96265551831e-07,9.59938630262e-07
155,0.000160639213234,0.703819422902,0.27540201259,0.0018601657162,0.000741440321602,0.00582824092738,0.00305951738502,0.00901774955606,0.000110811388017
156,0.00353433832967,1.13888272396e-06,1.18674181195e-06,4.95556245887e-07,1.08475643195e-06,0.0018992718795,0.000145848821463,0.9942694164,0.000147218631864
157,1.34378988165e-11,1.67476429367e-11,1.74634894611e-10,1.69561042397e-11,8.40504146148e-14,0.999995165896,8.39911156884e-11,4.72489350332e-06,1.08904449479e-07
158,6.39924362997e-14,7.87579556933e-15,3.92157985828e-14,8.56757288573e-13,7.71506681531e-17,0.999999999189,1.89451522961e-13,5.61618925609e-10,2.48251101591e-10
159,5.51616877729e-05,4.16233314812e-13,1.25092142637e-16,2.1608751493e-18,1.64233986273e-15,6.15349451857e-11,3.35804190861e-14,5.21685667487e-13,0.99994483825
160,0.00271260485005,1.6966179443e-09,2.42326515354e-09,1.21171099237e-05,3.61654810789e-09,0.994830571647,0.00152982289346,0.000831006015252,8.38697477758e-05
161,6.87690722365e-13,2.67315475227e-13,3.57217291863e-11,1.77742369007e-15,4.05091518069e-22,0.127445408728,0.872554591233,1.43397553138e-12,4.53410648841e-17
162,9.14219472081e-10,1.72597027482e-08,3.83749575829e-08,5.36345831504e-08,1.07432249469e-10,0.999998672956,1.5583713719e-08,1.10715110859e-06,9.40186838503e-08
163,0.00720323252862,3.16116687465e-10,7.01835361946e-09,1.07231940403e-07,6.63836078037e-10,0.00041189052252,2.63355251253e-05,8.57461638345e-08,0.992358340447
164,6.93657746604e-05,0.591102184828,0.303029725626,0.102798872493,4.01634771861e-05,6.51216171646e-05,0.00282855452032,1.07093178568e-05,5.53023460509e-05
165,0.000861535893603,0.635832187675,0.306903579375,0.00245813083346,0.00255106475618,0.00556073792146,0.00514034440272,0.0401874963646,0.000504922778004
166,0.0157961975037,0.0946849558628,0.0881727500215,0.0162715272385,0.000565235599153,0.0137251267835,0.492929702525,0.274768473047,0.00308603141906
167,0.000570048932082,3.11418981665e-06,6.15265520853e-06,2.55383421276e-06,8.78070466863e-07,0.0113736095982,6.35395824042e-05,0.986645793889,0.00133430924827
168,0.00120150193382,1.19320480862e-06,2.40309666631e-06,1.65064624593e-05,5.8995020798e-07,0.00381073300853,0.000495543426532,0.992142953146,0.00232857577109
169,0.0166498391859,1.67506146964e-05,2.56525585736e-05,0.00608429622435,7.8880865053e-06,0.893297205454,0.0125213576511,0.0631503624715,0.00824664775298
170,2.42060997206e-06,0.00053564164654,1.82086304484e-05,0.00159722132766,0.997825423292,1.37822312224e-06,1.28255753021e-05,6.01262407703e-07,6.27943227664e-06
171,0.000142547583335,0.977984427154,0.00810572902937,0.0123251689186,0.000230934026224,5.83547353052e-05,9.09573528955e-05,6.76579437381e-05,0.000994223256873
172,0.000260098003337,0.574768277647,0.40702359974,0.00136699247946,0.00390537484075,0.00154320919731,0.00202120708648,0.00884807831502,0.000263162690374
173,0.0002631590549,0.447267667924,0.413315682752,0.133847688327,0.000113548367053,0.000193447452363,0.0032368872384,0.000575244216807,0.00118667466837
174,7.05106094866e-07,2.11296943018e-07,1.55240049589e-07,6.39969086313e-11,1.33631670998e-10,1.03073352872e-05,5.54394640565e-08,0.999987150035,1.41535001561e-06
175,0.0138226990103,1.71847633422e-10,2.18748422547e-11,3.93124140242e-09,9.14048135997e-10,0.112100980665,1.78801141642e-06,3.2878477046e-06,0.874071239426
176,0.00336644917283,5.29980790973e-06,6.75267150471e-06,1.42190554202e-06,1.27973968877e-06,0.00221247376401,0.00219716468773,0.991973961154,0.000235197096792
177,2.68203910465e-09,7.84663692993e-12,1.15835490318e-12,2.24203610374e-15,1.44401370063e-14,1.31326354216e-07,3.31609073807e-10,0.999999865305,3.46303762347e-10
178,7.12875417666e-05,6.85820378781e-10,3.53635524277e-10,8.81966507557e-06,1.3295362981e-10,0.999381981496,5.48323141036e-05,0.000283957976262,0.000199119834478
179,3.58556554583e-06,0.461779195951,0.509348003683,0.0287935961331,7.11091436656e-06,1.18873489585e-06,9.93598935495e-06,1.05709838419e-05,4.68120448509e-05
180,7.3720089698e-08,0.789782107288,0.192373006855,0.0178403962509,6.14905628325e-07,6.20204714496e-08,3.34245618448e-06,8.92765032379e-08,3.07227538518e-07
181,5.47705574559e-13,1.7660251354e-12,1.59731685772e-11,6.61406855842e-12,1.28513081577e-14,0.99999992998,9.51573905436e-12,6.91748913417e-08,8.10640586753e-10
182,0.0150478666085,3.32508482556e-07,5.50708443881e-07,0.00022658233449,1.52526103388e-07,0.951358355976,0.010762683413,0.0218515815956,0.000751894329193
183,0.000154328156875,0.400133260268,0.578252805838,0.00194620611486,0.00108252469423,0.00239135936285,0.0137340576767,0.00222847047181,7.69874162227e-05
184,9.88690197392e-05,0.551515212664,0.438250145637,0.000610249146502,0.00346804982085,0.000876005145954,0.000670849821749,0.00445274579172,5.78729524388e-05
185,3.56469685333e-12,2.66020044121e-12,1.23128625407e-11,3.44825779912e-11,1.96014836477e-14,0.999999883396,3.2257441718e-11,8.61695275371e-08,3.03487902278e-08
186,2.90651110364e-05,0.527103186166,0.459898256398,0.0004685812083,0.00033456929096,0.00383583376341,0.0028579564193,0.00545534769094,1.72039521595e-05
187,0.0867914277961,0.642209814201,0.0394111942866,0.0955294551249,0.00932703867554,0.0228276691238,0.0215499020761,0.0103235782865,0.0720299204296
188,0.000192173109286,0.531252563647,0.373360294918,0.0486914398171,1.16621198994e-05,3.95853342483e-05,0.0463963352726,2.46949825518e-05,3.12507991051e-05
189,0.0379913654554,7.06474046923e-08,1.69445385748e-08,3.31383895491e-06,3.1574493223e-09,0.928682254254,0.00540225464089,0.0266389870905,0.00128173397042
190,0.0742621223075,0.0122446152878,0.0115440358214,0.236648586155,0.00188554669887,0.124364515691,0.0391203661442,0.0308850612983,0.469045150595
191,1.25036593644e-06,0.611522015164,0.357007191997,0.0313417763109,1.33320234242e-06,2.43663210659e-06,0.000117887057174,1.15160065909e-06,4.95767014137e-06
192,4.41109849548e-05,0.570618296768,0.361657983087,0.0667092507948,0.000183753052641,2.19567181628e-05,0.000604719659293,9.91493422734e-05,6.07795928998e-05
193,3.2116280247e-15,3.60669698667e-18,6.212304618e-20,8.23041585267e-19,3.04468567111e-19,2.87992490343e-07,1.61054926383e-12,0.999999711875,1.31357171743e-10
194,3.44686108217e-05,4.14038930429e-05,8.21219584169e-05,2.89175461215e-05,1.99219095903e-06,0.979715266579,0.00457065742742,0.015497212391,2.79594033288e-05
195,2.54600856414e-06,0.773559117697,0.202600972649,0.0237558733013,1.18903094719e-05,6.41253807036e-06,3.74092245683e-05,4.90399966821e-06,2.08742724969e-05
196,0.000920822477468,0.363392783003,0.503620395616,0.0269116643171,1.55426049599e-05,0.000250853338602,0.104718972436,4.72857667982e-05,0.000121680439711
197,0.000730712544285,0.434637318588,0.481129150931,0.0664923646613,0.000365152009434,0.000196263884528,0.0160031559132,0.000219305186065,0.000226576281805
198,0.00293923086235,1.19130522937e-06,1.80401503669e-06,4.03812920482e-07,5.08716901145e-07,0.00403356804644,4.50047654587e-05,0.990245413368,0.00273287510729
199,0.00403580639892,0.0356863929814,0.108736027349,0.0516624273783,0.00044025848778,0.0209694463392,0.749992858512,0.00598750469325,0.0224892778603
200,2.25046843334e-05,0.00235277935828,0.000119665646808,0.000268477733799,0.997103338484,3.47869425678e-06,8.90546051624e-05,1.85449813672e-05,2.21558120786e-05
201,3.34660617107e-07,0.982108481174,0.00647897911781,0.0113891243932,1.91897730945e-05,4.69555175011e-07,2.49953962894e-07,6.97504321188e-07,2.47386819868e-06
202,0.0398628075025,0.00181238168717,0.000977397209225,0.000370541506213,0.00601040413974,0.00182314914612,0.00188408480049,0.0157436876592,0.931515546349
203,0.000603807829493,2.10037004004e-07,2.68603238126e-07,5.58860440435e-08,3.44533111421e-08,1.43114901803e-05,4.51195205636e-06,0.999349852158,2.69475907421e-05
204,3.45609703242e-06,1.06474731384e-09,6.77404351854e-10,6.12006207417e-11,3.83408381812e-10,1.61743210898e-05,9.10536225782e-08,0.999979660621,6.15720432888e-07
205,0.0905063377482,2.61036382546e-05,5.62568262292e-05,0.000397615227758,7.99905399428e-06,0.0730682442933,0.00414041408154,0.00118585363293,0.830611175498
206,4.45690142624e-08,1.68311101669e-15,1.67859964518e-14,7.77494000235e-16,3.33718887374e-15,6.68364283664e-08,4.5146931714e-13,0.0275108382878,0.972489050306
207,7.37917101047e-05,0.854937872353,0.129265421985,0.00325450876876,0.000461862238439,0.0074019414226,0.000474518573873,0.00396748931002,0.000162593637806
208,0.0301957039424,4.15443772787e-07,1.36122351837e-07,3.66227048802e-08,1.07170949143e-06,0.000238094404786,1.39673447898e-06,0.000445261109543,0.969117883911
209,0.25943003756,1.83304304736e-05,1.18141479665e-06,2.2907652364e-06,1.53747782022e-05,0.00228552896133,0.000221009585561,0.619635456852,0.118390789652
210,1.81962673542e-07,4.29216203406e-14,5.25390619767e-14,1.26502160758e-09,1.03370517298e-14,0.998440628131,7.31139938227e-09,0.00155532162225,3.85970720824e-06
211,0.00367051350003,7.82763232342e-06,4.67099295908e-05,6.73740382481e-07,3.00277884975e-08,0.000276519646636,0.000104624485795,0.988104549384,0.00778855165329
212,1.87075845966e-05,2.29395180765e-06,2.74772005885e-06,4.6221836045e-06,2.60040997674e-07,0.999527475431,0.000255720231067,0.000118162478229,7.0010378251e-05
213,1.92057250181e-08,2.43374427883e-05,5.89904409912e-07,2.40520027984e-05,0.999950687702,3.08999887262e-09,2.73127766074e-07,1.27430987568e-08,2.47817347709e-08
214,0.00110790870031,0.322631640236,0.626371154108,0.0155933097547,0.00033111756043,0.000384154065794,0.0282827943903,0.00413038487501,0.00116753630906
215,0.0307344061967,0.00395354749381,0.00458252472503,0.00211946488509,0.000232630069949,0.0247067901217,0.0370855959622,0.88673735106,0.00984768948547
216,2.42103724554e-14,1.37147423048e-15,7.42682990345e-15,2.42337316846e-14,2.48987876524e-17,0.999999997145,6.45698449277e-15,3.58702944494e-10,2.49621799553e-09
217,0.163584107878,0.000197735233131,0.000187947814493,0.00113866186228,0.000590997846118,0.497296366706,0.190087437488,0.131002089362,0.0159146558089
218,0.00569838538769,0.414573986604,0.252232059673,0.00805413940972,0.00325459842052,0.0318632509521,0.272446333082,0.00964296937545,0.00223427709588
219,2.73365689724e-06,6.81683745495e-12,8.39398399498e-12,3.14868558666e-10,4.19518024061e-12,0.998877198842,5.19251127253e-06,0.00111480256093,7.20946971399e-08
220,3.32293993206e-05,0.894619491566,0.101189704327,0.00277916728633,0.000319390964717,1.94658988876e-05,0.000924273645665,2.35836085461e-05,9.1693303356e-05
221,1.99449129971e-08,1.25501832717e-09,3.23522745938e-09,1.02238835047e-08,9.55017927926e-10,0.999992861239,1.88592193265e-08,5.80898351403e-06,1.27530390197e-06
222,0.00309567191388,0.2077199197,0.200305338218,0.0140926750399,0.000364873817839,0.191598391674,0.368257456508,0.0117457570656,0.0028199160619
223,0.000758793522612,9.75527167097e-07,3.68417765697e-07,1.29616338572e-06,7.91070521852e-07,0.0148893513714,5.9300813853e-06,0.931551616834,0.052790877012
224,7.50238080861e-05,0.561517739031,0.430886532095,0.00418804161542,0.000510370438327,0.000212451443853,0.00157806155934,0.000763447614588,0.000268332394406
225,0.000193909791816,0.421481757994,0.254180397271,0.321071790217,0.000193152658357,0.000231393840521,0.00165287703938,0.000178986160115,0.000815735028881
226,0.00196060433628,5.52079777298e-12,6.26917012638e-12,8.70996844875e-06,1.47303884854e-12,0.996679915508,0.000506690341311,0.00070964462998,0.000134435203177
227,0.00853207082291,0.488658729769,0.410178379582,0.0497750087816,0.000416274079216,0.000660839519926,0.0399010698946,0.000886411779154,0.000991215771697
228,2.12424367352e-07,7.11793697864e-06,1.75724358092e-05,5.03384200482e-06,8.11365459831e-08,0.999924389039,2.64497554362e-05,1.61798283554e-05,2.96360168436e-06
229,7.71265078403e-12,1.16326645339e-11,1.18241696087e-11,4.74041321952e-14,4.6802888892e-16,2.21389936708e-05,2.90035375394e-10,0.99997785486,5.82493006345e-09
230,5.02022243988e-05,0.73944943865,0.241120440466,0.0183414858769,4.44135497728e-05,2.04395368886e-05,0.000831890832228,6.52572288748e-05,7.6431635036e-05
231,1.32670824346e-05,0.857973973911,0.124361498816,0.0171500208757,0.000162946858725,3.93745785161e-05,2.74297734617e-05,8.97411193909e-05,0.000181746984872
232,1.92094746714e-05,0.337740302008,0.416846138783,0.244154921667,5.1019149466e-05,0.000142373181314,0.000807542163983,3.8541984536e-05,0.000199951588226
233,0.00171303551563,0.465878175338,0.435945058155,0.0906934409764,0.000108317932132,9.64784558079e-05,0.00522989987943,0.000159674294476,0.000175919453059
234,0.00330624167242,9.89209397394e-05,0.000268095382376,2.54102740171e-05,3.37931599692e-06,0.000291411913283,0.000915878708795,0.984702509268,0.0103881525249
235,0.234304684877,0.00259310995978,0.000221408369586,0.000299185416427,0.00105320225564,0.0324015772507,0.00129159869696,0.0276059465687,0.700229286605
236,5.42003303086e-14,1.85172479161e-19,5.95317374706e-20,2.33982084957e-21,5.54195377718e-22,1.40228255943e-11,2.98976327235e-16,0.999999999986,3.34748775846e-15
237,2.44130416535e-06,3.43722658462e-09,5.03949463873e-10,1.5941608469e-07,3.3760481748e-10,0.999162463795,1.0216978261e-07,0.000621940695325,0.000212888340979
238,0.00937912287623,0.00102242145081,0.0039031792581,0.000439135371362,1.66592038715e-05,0.0199849907813,0.0254836132993,0.886698156185,0.0530727215744
239,0.000210198142006,1.50136997203e-06,2.2261429706e-06,0.000561994920395,1.99896174735e-07,0.996576624553,0.000324723534724,0.00177471308121,0.000547818359302
240,0.0326611034867,0.494439042474,0.0336574443791,0.0647131394743,0.0175978343493,0.223342332642,0.0173136843723,0.0426346354061,0.0736407834159
241,0.124967921243,5.80514513853e-07,5.1282267554e-07,1.2761372134e-06,1.00492842861e-06,0.0136445405168,3.32050821084e-05,0.00141358467515,0.85993737408
242,0.00429762900885,0.418682839334,0.28139191451,0.00958713863337,0.0381853362754,0.00759757696432,0.0265234760932,0.204781057506,0.00895303167498
243,0.00186675647273,2.69909191362e-06,2.35584267723e-06,5.73399575929e-08,2.10472922059e-07,0.000205016953503,0.000372934503676,0.997510600726,3.93685970923e-05
244,0.000705293367779,0.211696855665,0.248393615908,0.524942025373,0.000452696062728,0.00104489929815,0.0117759239444,0.000301350226669,0.000687340154729
245,0.00023656208205,0.99263669679,0.00523886199631,0.000521047738453,6.8536060852e-06,1.75424605091e-05,7.14610245585e-05,4.19072584446e-06,0.0012667835762
246,7.55358365001e-05,0.747608549993,0.242163316533,0.00731806422014,0.000320145886156,4.57434404319e-05,0.00209040135145,0.000198616070825,0.000179626668548
247,1.24813286954e-16,5.45346877232e-14,6.25425867648e-13,8.63665196711e-14,1.6608502232e-18,0.999999999706,2.43740635738e-13,2.91912914669e-10,8.51589726376e-13
248,0.000528150215674,0.596446920231,0.376103891937,0.00958497631801,0.00010606742169,0.000280598244082,0.0163799446566,0.0002762727451,0.000293178231306
249,0.0332627631309,5.01417257339e-05,4.05619665593e-05,3.71149697109e-05,8.2425754482e-05,0.0137052453669,0.0118196093656,0.933282906187,0.00771923153359
250,0.002358302753,3.58047698007e-05,2.80517194591e-05,1.70553824118e-05,0.000129473230582,0.0131895368702,0.00138807455919,0.98028003839,0.00257366232542
251,0.0190613702449,0.370067670316,0.348032185458,0.04186518473,0.00222162597914,0.00987137694851,0.190809031992,0.0150791491736,0.00299240515718
252,5.81235286248e-05,0.311701719638,0.417288910802,0.268516752427,3.84631523516e-05,9.57194486635e-05,0.00210975623557,6.95544998981e-05,0.000121000267155
253,3.73566537609e-05,0.921809539563,0.0758680091913,0.00106943131087,0.000558678129867,4.85302284301e-05,0.000393609416392,9.32595475621e-05,0.00012158595849
254,3.2391407271e-11,1.50253507372e-13,2.30989217474e-13,8.3884552126e-12,1.33805794803e-15,0.999999262322,3.0331663536e-10,6.9178514918e-07,4.55483896717e-08
