"","Class_1","Class_2","Class_3","Class_4","Class_5","Class_6","Class_7","Class_8","Class_9"
"1",0.0991141541357347,0.160047605439757,0.124901025341012,0.106385582902634,0.101350110505141,0.103787492995221,0.102033056877035,0.104622920374137,0.0977580514293279
"2",0.103705160034657,0.125591648166626,0.111199536672299,0.103169302342048,0.105651363513056,0.121498498625258,0.104455114044088,0.109870857051494,0.114858519550473
"3",0.102767867517536,0.125734360357007,0.111383806182624,0.103219373054398,0.10442393988444,0.127225407975519,0.10388999634187,0.110981189385614,0.110374059300991
"4",0.103353689201203,0.123445685258777,0.110108731780453,0.102960087193425,0.105519379773517,0.13003986597287,0.104021409558073,0.106453714019936,0.114097437241747
"5",0.101465410239851,0.141757714339104,0.117873839258904,0.105005843496454,0.103746638546813,0.115621712825839,0.103279897077745,0.105225186563741,0.106023757651549
"6",0.108581755008095,0.106216784061015,0.101993853449313,0.0997531547249884,0.110446627373005,0.10848837665488,0.10692963456503,0.116984272212516,0.140605541951158
"7",0.105527627322677,0.0950167637724977,0.0964629042252862,0.098089718460524,0.106809868863151,0.152903405493349,0.10431733389141,0.11390703222918,0.126965345741925
"8",0.0894802254432493,0.0869138818541552,0.0893534815442577,0.0919555126817857,0.0898697852692231,0.284192592252702,0.0911134130475902,0.0961447020436528,0.0809764058633841
"9",0.102978571319576,0.127739501286887,0.112245399362163,0.103445630347845,0.104711399869426,0.122481517771575,0.104097311362815,0.111049688971285,0.111250979708426
"10",0.102377479245085,0.139693944478867,0.117205328032995,0.104634976943484,0.104298704967833,0.108207861660857,0.104004481153432,0.110502547206031,0.109074676311417
"11",0.105070599707304,0.108764668063527,0.103568632197271,0.100696110696789,0.106471469638834,0.134374307334914,0.104832701346287,0.114714219745351,0.121507291269722
"12",0.106335286659316,0.110818224491308,0.1043727852355,0.100936667922036,0.108199727735252,0.122688501540788,0.105665696559815,0.112974948502314,0.128008161353671
"13",0.0909062969394843,0.0879772774698134,0.090274029454164,0.0927855285971101,0.0913841677898861,0.272901465076734,0.092366800106718,0.0974099660148044,0.0839944685512861
"14",0.103138995466775,0.119550942946029,0.108427559382933,0.102422032931143,0.105049540744361,0.136714568387286,0.103780722453481,0.107805518359101,0.113110119328891
"15",0.0995789477468998,0.157776814959548,0.123944310271836,0.106281368529942,0.102060965909546,0.105730673974164,0.102237382986614,0.102607883887632,0.0997816517338176
"16",0.102161085225967,0.129602323888707,0.112956166756349,0.103726760935942,0.104053513517081,0.127660566379159,0.103510623481587,0.108085718287625,0.108243241527583
"17",0.101832519497044,0.125693384622741,0.111146412246095,0.103251057924094,0.103786811521519,0.13767371205765,0.103071578218695,0.106022113200378,0.107522410711785
"18",0.0972858580993791,0.17812518836669,0.130992902611397,0.1071331323557,0.0997162405056512,0.089812562432612,0.100886164398347,0.102639836402956,0.0934081148272673
"19",0.101384191956139,0.145405820332684,0.119428541380458,0.105231416686596,0.10346488008521,0.108298886589753,0.103397491035812,0.107935577478119,0.10545319445523
"20",0.0993534984910617,0.145947550459654,0.120317035942732,0.105092319224295,0.099986030464635,0.111614533254009,0.102446480031734,0.11996402025218,0.0952785318796975
"21",0.100325966994775,0.152646464522688,0.12204185699484,0.105909933334436,0.10278337466376,0.107966267654759,0.102676766846507,0.103357639254145,0.102291729734089
"22",0.0974950889356147,0.171124228289597,0.128729619058844,0.107030158934835,0.0998732250488151,0.0997161651834157,0.100985102240113,0.102031251634259,0.0930151606745076
"23",0.100405286992867,0.148803477793676,0.120734108590493,0.105604063935827,0.102542187012699,0.111391933763517,0.102758461534022,0.105973678507257,0.101786801869641
"24",0.0990408283918717,0.148935924174038,0.12081126601225,0.10568841309621,0.101036893547098,0.12159632910103,0.101801210367921,0.104609154260131,0.0964799810494504
"25",0.106264444364985,0.104126817065812,0.10171742798563,0.0996209613948363,0.106557052515166,0.121659326877,0.105818658306323,0.128878073866867,0.125357237623382
"26",0.0977026280594857,0.1759239733153,0.130454567388311,0.106767042482873,0.0996322423226911,0.0854228409516611,0.101315395737434,0.108578533335265,0.0942027764069778
"27",0.104224531420777,0.122692842196394,0.109710762103547,0.102821633022087,0.106554645018965,0.124820550593297,0.104558363167769,0.106433563936979,0.118183108540185
"28",0.0990452135699657,0.163076370805749,0.125859177307795,0.106569481158132,0.101526453466388,0.101139610405122,0.101949184880331,0.102616344826667,0.0982181635798504
"29",0.110399348899488,0.0848537349871892,0.0913147585926939,0.0947126246167099,0.109788828265085,0.103970438546899,0.107498675417201,0.145186818145835,0.152274772528899
"30",0.106038053172161,0.105461230446248,0.102264028820664,0.0999539336275822,0.10667191085644,0.124669077867505,0.105619063054452,0.124612280578663,0.124710421576286
"31",0.098392133103032,0.103434598762033,0.100172131024336,0.0988704594909719,0.0994456544766021,0.195934484107172,0.0994771132188207,0.105210625829407,0.0990627999876252
"32",0.102500022185643,0.136268254450281,0.115635147860588,0.104423803423764,0.104763055586385,0.115972309967606,0.103862465748945,0.106415223182353,0.110159717594437
"33",0.0999994246463206,0.153325934763912,0.122752746731173,0.105703975662463,0.101499947423423,0.101337561891841,0.102790066743548,0.113063889954187,0.0995264521831314
"34",0.104586157230275,0.121165171055824,0.109162933654145,0.10256552915747,0.106628710104091,0.122066189513145,0.104861361021955,0.109756400098072,0.119207548165023
"35",0.102291501272757,0.089657903675662,0.0947532504226592,0.0963409628010324,0.100128909307499,0.156372827860864,0.102851088528961,0.149455455015013,0.108148101115553
"36",0.104899572342741,0.109754769854708,0.104864352947425,0.10028170907806,0.104225623338764,0.113724537923598,0.105483999907984,0.139939721861207,0.116825712745514
"37",0.102247360554288,0.136312646310209,0.115642254586843,0.104459286279937,0.104527303648014,0.118260695971159,0.103674530708104,0.105719679498395,0.109156242443052
"38",0.0999779055556711,0.15489321871932,0.122954785627337,0.106046496159519,0.10230323434201,0.106015839262391,0.102522843053218,0.104443279716928,0.100842397563606
"39",0.101219725022088,0.120274580790931,0.110296323561791,0.101177996308516,0.0990501228818346,0.107519696914338,0.103789814729093,0.157153959607715,0.0995177801836927
"40",0.104919565542688,0.122531627534188,0.109652525178324,0.102716143176514,0.107226506247992,0.118586920327018,0.105056279733139,0.108091892888594,0.121218539371543
"41",0.0996894450445066,0.161108238348427,0.125098427070355,0.106399527923528,0.102251696380073,0.0995853495543954,0.102348342044225,0.102784321100205,0.100734652534284
"42",0.110489940886255,0.0926101486874899,0.0946145394475303,0.0970643596838973,0.112948325948799,0.116599637560964,0.107119759577741,0.111872705708304,0.15668058249902
"43",0.0936521026054205,0.201890042378949,0.138269286294315,0.107624565274216,0.0960668070695289,0.0801431671742611,0.0983712011911066,0.0999470003112184,0.0840358277009842
"44",0.100352565333408,0.151053482573483,0.121534346496911,0.105775350945408,0.102619321073025,0.108982264417117,0.102728421087024,0.105011487142018,0.101942760931607
"45",0.103003166881942,0.133106184103774,0.114303045380229,0.104074673170453,0.105272322342537,0.117089746077626,0.104114252116843,0.106730728655366,0.11230588127123
"46",0.100678443489557,0.147581287249907,0.120208339642182,0.105512217709685,0.102915146599958,0.111965340278494,0.102888752533089,0.105262309496806,0.102988163000321
"47",0.103811855951697,0.127983761563043,0.112118227933432,0.103456735579045,0.106037600418372,0.118494712976183,0.10452106015018,0.107761725848046,0.115814319580002
"48",0.0997845849612299,0.158862158730078,0.124335352114021,0.106284879432127,0.102262410983386,0.102003668984665,0.102407463805313,0.103345116428604,0.100714364560576
"49",0.101642058176312,0.12460843060945,0.110642936154918,0.103097233578771,0.103577218631028,0.140982664996713,0.102884729198458,0.105641704537222,0.106923024117127
"50",0.104309314577067,0.116933670246718,0.10717247287792,0.10203024282126,0.106381810034097,0.132168657855728,0.104450160019367,0.107967116352857,0.118586555214986
"51",0.10564463628284,0.101218661080293,0.0994493152101124,0.0993563379466482,0.10762348869116,0.146403283134248,0.104552410476349,0.108327317772445,0.127424549405903
"52",0.0989371192365463,0.165462628067184,0.126685174011951,0.106656360321637,0.101435715242103,0.0980577248805703,0.101901946484952,0.102740308786171,0.0981230229688863
"53",0.107136433624487,0.111206343365666,0.104104176337323,0.100948285341352,0.109933925567304,0.120940194867053,0.10588287201235,0.105513059249607,0.134334709634857
"54",0.0999149565797738,0.152124509064446,0.122334097525257,0.10565206402494,0.101360289759523,0.103717497986409,0.102724652370552,0.113191226643255,0.0989807060458435
"55",0.0955880730188827,0.182496946398935,0.132523426728662,0.107495844462885,0.0979116459373384,0.0959496972815612,0.0997396351308537,0.100869664036677,0.0874250670042057
"56",0.106368213265015,0.108672592559579,0.103245611084187,0.100629697435548,0.108402167076555,0.127417669642576,0.105508768272618,0.110808713496102,0.128946567167821
"57",0.101949684545442,0.1423178100509,0.118289724520217,0.104877826026828,0.10382574994137,0.106991148471697,0.103790250567626,0.110655552365335,0.107302253510585
"58",0.0966382308877572,0.177406442477633,0.13073383332729,0.107346108804683,0.0992119528157387,0.097865223123953,0.100369058322652,0.0995054598835951,0.0909236903566986
"59",0.0948696579970974,0.0932280021643294,0.0940766444543916,0.0955296666809385,0.0955648560046629,0.236877197191897,0.0960051264978128,0.101761296846191,0.0920875521626803
"60",0.0998908451497931,0.155695964826838,0.123213761869038,0.106118231060001,0.102295537609939,0.106019122019504,0.10244829564935,0.103617037089579,0.100701204725957
"61",0.0999313993951201,0.139565211412723,0.117249339000241,0.104793309335335,0.101556534748921,0.127177898446204,0.102318840958657,0.108415738406997,0.0989917282958016
"62",0.10082025924446,0.149153171600691,0.120716847546392,0.105632823764324,0.103255530722254,0.109566172697334,0.102958734421351,0.103886690900693,0.104009769102501
"63",0.106264163500131,0.101989230130317,0.100107513010489,0.0994740249038048,0.10778133939274,0.136125956912938,0.105238987494316,0.114421993917545,0.128596790737719
"64",0.10158556116498,0.142654996426449,0.118354024862195,0.105009523599577,0.10363120876048,0.111087156052684,0.103480250230339,0.108114481166094,0.106082797737201
"65",0.0994260654575031,0.147917960828483,0.1204298425086,0.105595528000423,0.101421719635082,0.120118525592513,0.102062065387466,0.105194899890473,0.0978333926994578
"66",0.102417092334957,0.109774215508391,0.103576918262248,0.100783262541727,0.104347253397451,0.159530914543391,0.102685303557415,0.104421860692909,0.112463179161511
"67",0.101269579842852,0.140678332802996,0.117438571032651,0.104931908837015,0.103531465026798,0.119048977288465,0.103109889152949,0.104784017025311,0.105207258990963
"68",0.109006272176892,0.098154831987256,0.0977934852447436,0.0984500075635946,0.111154242023793,0.120683193564398,0.106645175720757,0.11292873365178,0.145184058066785
"69",0.103178839124852,0.12513732063321,0.111626457853462,0.102837640277062,0.103707780241877,0.114344666639779,0.104567899755131,0.124593493522098,0.110005901952529
"70",0.100679145389169,0.145075666281916,0.119169605465647,0.105348748831568,0.103004565483825,0.117017006241165,0.102785687124929,0.103830707759161,0.10308886742262
"71",0.102833748104664,0.129795200899993,0.113489325047361,0.103483847914505,0.103798843320486,0.11328789245575,0.104346497235345,0.119794383917338,0.109170261104558
"72",0.0986234352690322,0.15742365200769,0.123963584039462,0.106314405727668,0.100803176841942,0.112055203514324,0.101639235935796,0.103577890717982,0.0955994159461029
"73",0.101392433836373,0.142475093929098,0.118112061084791,0.105086488788147,0.103771310711718,0.115770076022065,0.103211462788604,0.104238760703086,0.105942312136118
"74",0.101145715812596,0.148813173222486,0.120521754810718,0.105586059158719,0.1036994895671,0.108223848941628,0.103141113848465,0.103324099910461,0.105544744727828
"75",0.0983208704899394,0.108537762175327,0.105108918656482,0.0976297454624279,0.0933942614506272,0.105973034051664,0.101805832492836,0.199835212481517,0.0893943627391795
"76",0.100578170460714,0.148743578316898,0.12058231271794,0.105630722331285,0.102966092762473,0.112018629247564,0.102790012930854,0.103758603699601,0.102931877532671
"77",0.0968147653385188,0.105181477088621,0.100782172717231,0.0988344575874698,0.0978700094777982,0.205124064190844,0.0983121570188133,0.102905004390301,0.0941758921904027
"78",0.0934772857890202,0.205258970471352,0.138987863014663,0.107762749241663,0.0963360861073834,0.0798135871154581,0.0980993483463435,0.0956747433158028,0.0845893665983145
"79",0.0999525218733067,0.155098856247731,0.12291037021795,0.106115915942969,0.102513895794529,0.107770203651392,0.102422920528312,0.102037564084413,0.101177751659398
"80",0.0933620389200645,0.203187242789505,0.138514041827408,0.107836306783626,0.0960938086738861,0.083220569651273,0.0980656454664738,0.0962142260875923,0.0835061198001714
"81",0.0926726005506965,0.0823490695038539,0.0871263856895361,0.0917712178511069,0.0935534910585837,0.272387580846371,0.0931641787055154,0.0951613596000296,0.0918141161943066
"82",0.0984731389552516,0.155874559185055,0.123643829969901,0.106120941738088,0.100147957914884,0.111668246857653,0.101677833102289,0.10828490718868,0.0941085850881992
"83",0.0914313117819557,0.0800581841714868,0.0859636464925365,0.0908435339134688,0.0915012702931548,0.279232973095251,0.092310395646761,0.101267404857682,0.0873912797477033
"84",0.102085720277667,0.140174415700803,0.117269419677406,0.104789578727427,0.104296057413523,0.112365132665529,0.103707186875242,0.10693007550343,0.108382413158973
"85",0.0988997015167069,0.163931101062599,0.126333190879009,0.106504566824761,0.101025995337054,0.0979069251081727,0.101980541754539,0.106205128190562,0.0972128493265965
"86",0.10732874814174,0.107334546932548,0.102614543630077,0.100263720291693,0.109259965228763,0.119777800878438,0.106139661832843,0.113633912092154,0.133647100971746
"87",0.100226400237969,0.11362645774346,0.105327052337951,0.101194679140144,0.101941402063401,0.169423786037869,0.101297341626917,0.103324932821454,0.103637947990835
"88",0.104311351133943,0.120303293628476,0.108897864131887,0.102452353703292,0.106080698012942,0.123945474702299,0.104730121123702,0.111816284820539,0.117462558742921
"89",0.105242133104332,0.116029796378304,0.107471649909462,0.101411509106821,0.105616356359768,0.110236777738313,0.105676943517381,0.128875883120829,0.119438950764789
"90",0.0967032387902156,0.176355501483057,0.130426805314582,0.107298574162857,0.0992035375703217,0.0985016332255774,0.100430553471851,0.100169543419384,0.0909106125621559
"91",0.0993750575019617,0.110053372879363,0.103649581152717,0.100410127315384,0.100660262143465,0.178964245065812,0.100595000862327,0.105572369316215,0.100719983762756
"92",0.102091595766389,0.137311673046767,0.11602550970204,0.104573973955912,0.104431702317906,0.118349145731706,0.103571872030604,0.105000700624536,0.108643826824138
"93",0.102222714136019,0.124240585182475,0.110794832741683,0.103023221893576,0.103652053231796,0.132684095525629,0.103509007679268,0.11196332074773,0.107910168861824
"94",0.0989562132814716,0.164648043093466,0.126408497907688,0.1066309652742,0.101443618425522,0.0992235553238373,0.101907728659196,0.102710892738917,0.0980704852957018
"95",0.105054328913655,0.102204204787859,0.100052146341159,0.0995434939404236,0.106787560197532,0.148283973762105,0.10428406591125,0.10983868439888,0.123951541747135
"96",0.0968694058539264,0.102362319346041,0.0990682374968457,0.0981739790322566,0.0982833940393561,0.212010028347914,0.0979967590472512,0.0990190293891813,0.0962168474472269
"97",0.0987194310117819,0.168758648637175,0.127700684683563,0.106840365148354,0.101458475394563,0.0961686265708428,0.101707375342086,0.100559126781646,0.0980872664299884
"98",0.102711911154141,0.105662454255442,0.10161091284282,0.10005097907424,0.104466006172185,0.162715451450453,0.102730382938137,0.105946693791474,0.114105208321108
"99",0.0982449294958295,0.102728468039209,0.0997162847129825,0.0986700407580155,0.0993832701654082,0.198887584490906,0.0992707345894707,0.103994877387208,0.099103810360971
"100",0.102849794113925,0.122045218109324,0.110212923164638,0.10256621734356,0.103448850353878,0.1236263934205,0.104184570014268,0.122187017952372,0.108879015527536
"101",0.099751812419438,0.159081640996863,0.124417236520248,0.106298153510708,0.102226082303457,0.101878234636003,0.102389260126484,0.103358293644169,0.10059928584263
"102",0.0939377216933659,0.0858468193259839,0.0898449673991821,0.0933470083863145,0.0942658490916985,0.25326009539996,0.0947959134478746,0.103062563827864,0.0916390614277561
"103",0.0994613975296195,0.108186114283457,0.102692621630256,0.100060939667054,0.100771603637004,0.181594522552367,0.100535353461243,0.105156338568254,0.101541108670746
"104",0.113942065875602,0.0391633235246008,0.0583493324557774,0.0764939245903509,0.114443672097309,0.115177369514706,0.102642346362251,0.128579358639555,0.251208606939848
"105",0.0992994235115392,0.163894343539523,0.126059825683551,0.106580185660453,0.101930771224672,0.0987012447020837,0.10209060128684,0.101843091465954,0.0996005129253847
"106",0.0973610860874669,0.103270241312005,0.0998493153599496,0.0985630060789071,0.098469353544707,0.20454727866694,0.0986038772563693,0.102953725687708,0.0963821160059469
"107",0.103937056700941,0.129139722999237,0.112449846100879,0.103604533260082,0.106505405215579,0.117879582512992,0.104524300700176,0.104864721340022,0.117094831170091
"108",0.0996765703887262,0.150499138410678,0.121507021066239,0.105739310848492,0.101569625223806,0.11267461618266,0.102357618693754,0.107342562769275,0.0986335364163693
"109",0.0897770748533387,0.0793460434556684,0.0854264877969838,0.0901087763646245,0.0893899783117821,0.288578509247208,0.0910790222271277,0.103749561863683,0.0825445458795844
"110",0.0955588373092922,0.0984168853640101,0.0970613018277596,0.0969963869349474,0.096334136764186,0.223710071291856,0.0969330818339614,0.102764760309272,0.0922245383647153
"111",0.104201999540491,0.122705700282188,0.109997861004752,0.10275229697513,0.105960117727122,0.120596887487904,0.104761218047726,0.112251764827478,0.116772154107208
"112",0.0954564609982262,0.189451133485697,0.134437396451581,0.107642430898556,0.09822397097878,0.0889765304749943,0.0995370611689879,0.097553872767948,0.0887211427752302
"113",0.0981641346529443,0.169045599918541,0.127985716729516,0.1068689595856,0.100578693192754,0.0978548943340962,0.101427645455359,0.102684056702452,0.0953902994287379
"114",0.0993172582149498,0.162449253114293,0.125567464552143,0.10653081938136,0.101920979144685,0.100849457575325,0.102090560464451,0.101835078839145,0.0994391287136476
"115",0.106637415731607,0.135485866823624,0.114487342224204,0.103030552234833,0.109553939184669,0.0815710387925769,0.10632193201608,0.10959230615979,0.133319606832618
"116",0.0944589492271988,0.176068880697246,0.130551984728251,0.107361954540793,0.0964284296391591,0.112932569675192,0.0989309439519767,0.10084518974738,0.0824210977928024
"117",0.0995760434611435,0.153134082055695,0.122377563588124,0.105971410432396,0.101737192703739,0.111207160525645,0.102250220242372,0.104883801722341,0.0988625252685443
"118",0.102665875153122,0.100099614212034,0.100355606967864,0.0953989041943743,0.0978423005483831,0.0831997543944758,0.104208750302304,0.206763464859177,0.109465729368265
"119",0.102850136739213,0.128640312109039,0.112752024578129,0.10351139590021,0.104349644281341,0.120069613137642,0.104126509165221,0.113491641087072,0.110208723002133
"120",0.0952045056492404,0.194743588908026,0.136042526799414,0.107476896199761,0.0978085726422309,0.0806391878484032,0.0994132581958692,0.0999313340694573,0.0887401296875976
"121",0.104820086761337,0.12015338846095,0.108540657122743,0.102448551729678,0.107186863547151,0.124118185914365,0.104858210346558,0.106762023348476,0.121112032768743
"122",0.105193024900713,0.12184617811294,0.109539681508117,0.102515385506295,0.107060657473484,0.11382064146299,0.105380586553189,0.113074322091512,0.12156952239076
"123",0.0875426813604255,0.0786390707598877,0.0840652922064697,0.0888336098391238,0.0877282837484638,0.310258967842484,0.0888374455532212,0.0944470174560375,0.0796476312338863
"124",0.0937246055917892,0.196142278420278,0.136682763653349,0.107802549600647,0.0961265892835916,0.0891759124895015,0.0984319637044372,0.098875360282696,0.0830379769737113
"125",0.102262614422715,0.137515268685906,0.116239471287481,0.104529282719156,0.104351735291169,0.114507480160216,0.103796855075826,0.107968805062333,0.108828487295199
"126",0.100903367465725,0.147628265183753,0.120294329009032,0.10545137983215,0.103003116025085,0.108789254530243,0.10310266381702,0.107183461553865,0.103644162583128
"127",0.0993763542198828,0.153101637724667,0.122614617355052,0.105863514395593,0.101037908874152,0.108678647481062,0.102283643492582,0.109779956130823,0.0972637203261854
"128",0.0978445221592224,0.138775820483854,0.11706542855059,0.104539717799652,0.0988353704003212,0.14004443812182,0.100933940782725,0.111037997219137,0.0909227644826782
"129",0.103398132288345,0.101796785261886,0.0996689379266097,0.0993534353781823,0.105152605613716,0.163404378957511,0.102999615795462,0.106476277622538,0.11774983115575
"130",0.0500511953106858,0.0291874074876302,0.039967880621833,0.0504330778457014,0.049578444701913,0.63984431080833,0.050623670998573,0.0511561835249589,0.0391578287003746
"131",0.100469022800829,0.151639757615602,0.122118186232194,0.105511318565208,0.101923819892498,0.099729366285406,0.103102210667467,0.114266387842483,0.101239930098313
"132",0.0970489119589778,0.171385791741024,0.128777070575126,0.107132659152614,0.0995129533338135,0.103763319937171,0.100631094405906,0.100231134339983,0.0915170645553842
"133",0.101195091989178,0.146990721966179,0.119857171716597,0.105450445157279,0.103666474871507,0.11033839933914,0.103160836464772,0.103858432115282,0.105482426380066
"134",0.0974381510018315,0.102425795033521,0.099367128850591,0.0983866508384037,0.0986219611063475,0.205922008492597,0.0985732337186206,0.102190331779177,0.0970747391789108
"135",0.101733473894798,0.139170222690644,0.116834987740368,0.104759569102638,0.103985802473104,0.117565903565776,0.103405227180995,0.105530300781914,0.107014512569762
"136",0.102230475258512,0.13695832794312,0.115881412576886,0.104527902103304,0.104569212930021,0.117734310088284,0.103661665399948,0.105230020093363,0.109206673606562
"137",0.0998396324271556,0.146875674730199,0.11997799261158,0.105511174769648,0.101940384507895,0.119282488913381,0.102301102703065,0.104748703350404,0.0995228459866708
"138",0.10437675478224,0.122744575395019,0.110019101119192,0.102731341572005,0.106124632387243,0.118845012973084,0.104890697054957,0.112749854818568,0.117518029897693
"139",0.101036288272338,0.111561572913232,0.104875045563363,0.100976353472554,0.101955110163168,0.160180987534427,0.102153980768268,0.112639440053932,0.104621221258719
"140",0.102018478268433,0.106999140001585,0.102716428691406,0.100256865250687,0.102868076944512,0.159306123364303,0.10266587828612,0.114325970133804,0.108843039059149
"141",0.0956111007424697,0.192428600205223,0.135233981699116,0.107552634217211,0.0984753188218779,0.0833247518867108,0.0996182397051403,0.0976348751173775,0.0901204976048734
"142",0.0967031481002479,0.0970352659498974,0.096700529180103,0.0970534196575367,0.0972296574439995,0.215453920687809,0.0978864546116648,0.106945601292239,0.0949920030765029
"143",0.0944951427386976,0.194454809437029,0.136115831780378,0.107661871320854,0.0969522079567207,0.0860018879671089,0.0989646231267888,0.0996985926428147,0.0856550330296078
"144",0.0957937970363171,0.17330121123452,0.129561793693085,0.107248191659062,0.0979681763438278,0.108516820880201,0.0998284924952616,0.100931701857607,0.086849814800119
"145",0.103166214471854,0.136103324119396,0.115750076466324,0.104194542412911,0.105001966211316,0.10671447026794,0.104482414009752,0.112342730135582,0.112244261904926
"146",0.101585903877823,0.142857225295555,0.118309925794985,0.10507776454238,0.103883188333825,0.112767652541931,0.103393955437788,0.105556521774171,0.106567862401541
"147",0.100400304893163,0.147599148595902,0.120301445619675,0.105510153835647,0.102463988413546,0.112933361050049,0.10275017427812,0.106461935534858,0.101579487779039
"148",0.102542730238797,0.0944011946558979,0.0955942199560435,0.0976157627831447,0.10420310733227,0.182076929456081,0.101839011988612,0.104600837972979,0.117126205616175
"149",0.103420466300116,0.125210866505645,0.11084174087493,0.103187078279719,0.105719141446069,0.127379519789659,0.104095748385796,0.105627595209966,0.1145178432081
"150",0.105963016816371,0.106727489173572,0.103020094884389,0.100066179147858,0.106271317132775,0.119938061964168,0.10574869038298,0.128714702234154,0.123550448263733
"151",0.104195400257721,0.124320594939454,0.110429246725739,0.103022889750244,0.10655744267393,0.122476184062516,0.10459536911109,0.106403450314315,0.117999422164991
"152",0.100801403533072,0.152134582341857,0.121809459980269,0.105815828150794,0.103319393378714,0.105159224887938,0.102984818480913,0.103669876522806,0.104305412723635
"153",0.1021648547632,0.141283499732911,0.117751857109567,0.104838819089401,0.10429852102065,0.109068446404355,0.103823425480226,0.108153848344842,0.108616728054849
"154",0.101684507333128,0.124524564173006,0.1105405521131,0.103090035895052,0.103738971961487,0.141658960128709,0.102863901137543,0.104516880147377,0.107381627110599
"155",0.105077520839103,0.115188166418672,0.107099190644453,0.10135327410243,0.105439107931672,0.113277850319302,0.105534050416484,0.128378310976705,0.118652528351179
"156",0.110167784522866,0.0916856675169299,0.0943300554254122,0.0969432621832853,0.112177815159249,0.118684682082103,0.107017755291843,0.115379090024379,0.153613887793933
"157",0.102006558742155,0.140442665974527,0.117359198655816,0.104829482859836,0.104256345693691,0.112911317256886,0.103643813345941,0.106413651414133,0.108136966057014
"158",0.100318295290501,0.157435747228788,0.123784487830362,0.106126596460802,0.102821824162583,0.0999904790878011,0.102751503112267,0.103953991273481,0.102817075553414
"159",0.100615881939791,0.110294559913058,0.10380824416543,0.100658895098433,0.102174295542447,0.170725558886191,0.10147378545912,0.104996702659363,0.105252076336169
"160",0.103658633931827,0.0892164618201656,0.0927945673931347,0.0965227333861817,0.105355179600165,0.181429505413053,0.102267347182949,0.10525555280568,0.123500018466844
"161",0.0960380893091948,0.178735916678195,0.131363181860997,0.107350154786757,0.0982531239703404,0.097629158234721,0.100070014128601,0.10218485245613,0.0883755085750641
"162",0.0978892866090848,0.174832495748893,0.129745668855091,0.107104984148849,0.100647461264106,0.0930230487450192,0.101177418326602,0.09987342412081,0.0957062121815463
"163",0.0996830929567821,0.103363197845313,0.100313357041597,0.0991378085566596,0.100823456214901,0.18662098903162,0.100469584698863,0.106459604626923,0.103128909027341
"164",0.0897201922701834,0.0884229297503178,0.0923315652949956,0.0930133942284841,0.0869639730889336,0.247570223677315,0.0929600135885924,0.136135951123434,0.0728817569777439
"165",0.101216625080222,0.142765509669954,0.118265241409408,0.105115520831584,0.103521177425263,0.11621651888169,0.103119841810087,0.104679822257156,0.105099742634635
"166",0.0997508123765401,0.150758222836921,0.121833011854326,0.105608222223061,0.101173908281326,0.107381400137028,0.10258481256623,0.112729998097112,0.0981796116274558
"167",0.100855710735876,0.142193962545715,0.118293013471284,0.105008320657911,0.102642700087779,0.116122579531504,0.103031943311933,0.1091709571524,0.102680812505598
"168",0.104189927363521,0.122611653659483,0.109806170328093,0.102787629520475,0.106256419933569,0.123305919330741,0.104631963268447,0.108995366292687,0.117414950302983
"169",0.0999673747920364,0.144006121474963,0.119128590407836,0.105170177589699,0.101504208855663,0.118417273693967,0.102523809781663,0.110381633409687,0.098900809994485
"170",0.105848761511202,0.117018606944831,0.107354137037418,0.10182144331312,0.107631278708464,0.115595815759629,0.105657949007793,0.114265656757431,0.124806350960112
"171",0.0978042475996293,0.172876047700382,0.129293596236951,0.106984215958624,0.100189126434538,0.0940579029956643,0.10122469797616,0.10306582861735,0.0945043364807017
"172",0.102444236452203,0.131965085539722,0.113955981618914,0.103975913408363,0.10441748633638,0.121722694502635,0.103779872797124,0.108334101507526,0.109404627837132
"173",0.0978856348501914,0.17141017350526,0.128718163313379,0.107015779749736,0.10045129378591,0.0974223099840981,0.101205228170664,0.101038708385068,0.0948527082556928
"174",0.105790820165398,0.1196775265087,0.108445672562731,0.102195893059773,0.107862274175919,0.113663126870859,0.105628600340887,0.111748034273061,0.124988052042672
"175",0.101687403357943,0.142359213455387,0.118278587130171,0.104950156451388,0.103640647420205,0.109932153278842,0.10357815572822,0.109248044345255,0.106325638832589
"176",0.102238217142561,0.135965941309969,0.115566769151894,0.104407630974644,0.104381939132362,0.117883623732327,0.103707759773326,0.107011233692327,0.10883688509059
"177",0.101275262031916,0.144736414335465,0.118997289804509,0.105276502726382,0.103692272125213,0.113149707254792,0.103177828859526,0.104089325368957,0.105605397493239
"178",0.0962042101492441,0.188914901133611,0.134146123180998,0.10747024315847,0.0990942127908551,0.0844197852117558,0.100021149062456,0.097936373442841,0.0917930018697692
"179",0.105879275342252,0.112539807527475,0.105553317575164,0.101093664950155,0.106943773767116,0.11727154055162,0.105726323609391,0.121124994077646,0.123867302599181
"180",0.101469595955835,0.142125224693766,0.118015798238689,0.105036564414225,0.103764247078292,0.115049206253505,0.103289011108036,0.105176633034833,0.106073719222819
"181",0.10196633334937,0.0990799181702771,0.0985265750435783,0.0986544157753025,0.102828189596085,0.17327240665784,0.102090287820645,0.112567294577588,0.111014579009314
"182",0.100091072864189,0.153596669604486,0.122491225784042,0.105954218857922,0.102372594717236,0.106936746640142,0.102592279208767,0.104853746058051,0.101111446265166
"183",0.101588695417575,0.107529198746649,0.103600115472982,0.100210140762636,0.101143623816744,0.149919429285026,0.102891969518555,0.128882891383012,0.10423393559682
"184",0.103201179905873,0.126380071654294,0.111523108138937,0.103309526487091,0.105182540481409,0.12488400172226,0.104109078654182,0.108623589318145,0.112786903637809
"185",0.105171999695899,0.121451517104829,0.109419529471863,0.102448936750101,0.106911281797334,0.113674707567865,0.10539595056327,0.114302358416653,0.121223718632186
"186",0.079109691747313,0.0602011449410937,0.0705670362016303,0.0791365878117319,0.0784895636497216,0.393668863480098,0.0801307546499448,0.0894015743705415,0.0692947831479255
"187",0.0728612966273237,0.0532165527367869,0.0640677769920562,0.0734047483876666,0.0723157304614547,0.448458155173847,0.0738772797412731,0.080063371048122,0.0617350888314696
"188",0.103388628547524,0.109350018502955,0.103273117827828,0.100773813379499,0.105673559517635,0.15448397036837,0.103251943565069,0.102692093696504,0.117112854594616
"189",0.108567893752122,0.101108045601299,0.0997042403846904,0.0988801440760195,0.109794441479487,0.112714032956054,0.106865806231301,0.122534773573526,0.139830621945502
"190",0.100741361906992,0.114139915885145,0.107340216814947,0.100858185229176,0.0990560450882131,0.13049717559103,0.103058579526908,0.14609845667461,0.0982100632829786
"191",0.0988246549472155,0.164504123443387,0.126733633384186,0.106323624550655,0.100474295290919,0.0931729769699714,0.102088039023977,0.111462387704296,0.0964162646853936
"192",0.100701889627959,0.152664936116228,0.122053144502524,0.105838635118709,0.103134772517847,0.10442685418949,0.102955828471277,0.104435320476636,0.10378861897933
"193",0.0969375053507757,0.0965364143915365,0.0967844533464083,0.0970698674815341,0.0969505385618963,0.210217983206291,0.098275990923485,0.1128585356596,0.0943687110784729
"194",0.102979803461951,0.135731604689848,0.115627108641559,0.104195562693217,0.104770479703197,0.108718528651413,0.104357388825245,0.11231006365212,0.111309459681449
"195",0.103003123034102,0.12417167172152,0.110375172449671,0.103069274239493,0.105253852842891,0.132468896694494,0.103760762217177,0.105058518374298,0.112838728426355
"196",0.0967953291739203,0.177306167771291,0.130822041268166,0.107223092388473,0.0991147817768167,0.0945446104898582,0.100569150447464,0.10247128050416,0.0911535461798514
"197",0.0997267999751945,0.158875676574696,0.124347600405119,0.106294071465475,0.102193902054824,0.102400976816425,0.102370223107742,0.103329083512378,0.100461666088147
"198",0.0985223260308201,0.169141793506032,0.12829254243442,0.106419851526056,0.100187283249556,0.0876678237197657,0.101915397683957,0.111808439615279,0.0960445422341129
"199",0.105605302018586,0.101001345506979,0.0997043223768321,0.0993012753022215,0.106835031764027,0.141630858482772,0.104813567900253,0.115906780087297,0.125201516561033
"200",0.103537275323201,0.110830450833952,0.10429087753539,0.101061258522167,0.105350710404176,0.147462095745202,0.103651646550097,0.10783826619526,0.115977418890555
"201",0.0989458528412491,0.111175214425926,0.10399573068214,0.100512081426396,0.100472601120022,0.182263165923745,0.100212817260473,0.102602232673381,0.0998203036466681
"202",0.101903435341691,0.136212961413215,0.115693211411929,0.104453292981046,0.103989473881522,0.1199306052405,0.103493887401406,0.106952575351925,0.107370556976766
"203",0.0979467935632998,0.104064584326101,0.100350310362009,0.0988794336919045,0.0991137252267666,0.19917677104682,0.0991079886771703,0.103430649895304,0.0979297432106242
"204",0.0940792776509955,0.197606242824581,0.136947175337154,0.107787248235721,0.0967434578188048,0.0859852756831649,0.0986036838683566,0.0972960160710553,0.0849516225101665
"205",0.0957203404039705,0.0957501749034786,0.0955940091914258,0.0964000380000677,0.0965452387011489,0.227319369422117,0.0968428811604251,0.102111732528249,0.0937162156891178
"206",0.0905307005824601,0.082676000255185,0.0873540164854525,0.0912747507381868,0.0905613651216017,0.281000118292653,0.0918119800443176,0.100779910413451,0.0840111580666919
"207",0.104056043033295,0.122573707747803,0.11003582443328,0.102717265005538,0.105605027853276,0.120430141328271,0.104729069648448,0.114147323947582,0.115705597002506
"208",0.0991720127891568,0.163455056585244,0.126090777793725,0.10647821758717,0.101432107212158,0.0975044965387278,0.102121415500515,0.105293755646491,0.0984521603468126
"209",0.111116586526394,0.0845073223917134,0.0904845800776173,0.0950856281225363,0.112496981229906,0.115815993515897,0.107299439955647,0.122411935262506,0.160781532917783
"210",0.0957147188694777,0.193091630259222,0.135388096908213,0.107503163300987,0.0986138602663791,0.0815538722333126,0.099677460909288,0.0976921188463735,0.0907650784067472
"211",0.104100262740465,0.121769013699459,0.109508818111545,0.102671482585225,0.105989126121306,0.124218216379992,0.104598433513132,0.110449697488045,0.11669494936083
"212",0.1002715986401,0.156489454045087,0.12347570028719,0.106086609118587,0.102711175918885,0.101557379348094,0.102723894939595,0.10428411164033,0.102400076062132
"213",0.100505241249823,0.153425168517312,0.122292029998024,0.105936885265989,0.103039996551664,0.105645273931833,0.102795047145127,0.103138234655091,0.103222122685137
"214",0.0981240104792506,0.106499062326352,0.104128663048055,0.0972344762477473,0.0930309017149488,0.10830647776401,0.10160495313034,0.202240146863868,0.088831308425429
"215",0.0980422584437897,0.104843009455959,0.1007970469965,0.0990732368670135,0.0991814593000135,0.196938416399946,0.0992508546266792,0.103988180805494,0.0978855371046037
"216",0.101210500250385,0.104337677560791,0.100586513942725,0.0995422020549425,0.103174989621655,0.178650748557268,0.101379407329456,0.101079515736127,0.110038444946651
"217",0.10195969412554,0.134410754828116,0.114884209510809,0.104285978878289,0.10413460148198,0.123271087217249,0.103436867689607,0.105785222798951,0.107831583469458
"218",0.0976426012127641,0.174725206599385,0.13018012385952,0.106661957655033,0.099316204167039,0.0856287246822828,0.101343644431686,0.111040073623915,0.0934614637683749
"219",0.100116884183496,0.15001484785249,0.121838824307293,0.105131475412945,0.100745241739227,0.0974309693405998,0.103079095093271,0.122961879952449,0.0986807821182293
"220",0.101666318696409,0.114676271589249,0.106087162903592,0.10157826842426,0.103314135131234,0.155470785025508,0.10251283384126,0.106743316286054,0.107950908102434
"221",0.100252924075108,0.154518103394345,0.122855465857631,0.105952649559282,0.102482217506508,0.103461102911007,0.102746322406663,0.105966385184716,0.10176482910474
"222",0.101230304394473,0.139515560690716,0.116984653832095,0.10482486771008,0.103440680781986,0.121000345450542,0.103062609830259,0.104983045949609,0.10495793136024
"223",0.100750967822517,0.149559127732787,0.121266761787439,0.105420357848239,0.102346334925876,0.102271223177544,0.103212772288916,0.11279111893576,0.102381335480923
"224",0.107099370360419,0.10314562818265,0.101089649071823,0.0993827588076437,0.107650882924331,0.117800230903291,0.106242191145625,0.127429761029063,0.130159527575155
"225",0.0981104115891487,0.171863106626286,0.12881633764178,0.10699539533781,0.100757900570809,0.0953527322812407,0.101342630918523,0.100815535988591,0.0959459490458117
"226",0.0952179303126878,0.190283378188641,0.134852225045313,0.107552206753809,0.0976638226503701,0.0868485437049095,0.0994747035586147,0.100528297788933,0.0875788919967208
"227",0.0976070155674364,0.178970638607898,0.131075563833147,0.107160040081886,0.100364371835546,0.0882714967945236,0.101008449186586,0.100207223987303,0.0953352001056744
"228",0.100916233998806,0.147403793533934,0.120404166000548,0.105311650357366,0.102592210181922,0.105397500799462,0.103254782383039,0.111731572524212,0.10298809022071
"229",0.102482466966385,0.115579115391617,0.108061470666841,0.100555512348477,0.100424041923028,0.10670477310082,0.104453295976298,0.156874781546504,0.104864542080029
"230",0.101892632253642,0.139288657236433,0.116833077264481,0.104769116370258,0.104247710064932,0.116762968235034,0.103486072689256,0.104852710609765,0.107867055276198
"231",0.101609244632962,0.139069268443707,0.116826508420015,0.104751863597262,0.103792586103498,0.118284047348659,0.103337298028252,0.105949942250196,0.106379241175449
"232",0.101410706225802,0.142729637987879,0.118506034001342,0.104978559476898,0.103205238869826,0.110378567314907,0.103446999644999,0.110423078719145,0.104921177759202
"233",0.102002495533753,0.139914160332388,0.117124391385909,0.104796304130034,0.104291593938035,0.114187137807361,0.103610236931873,0.105887123518998,0.10818655642165
"234",0.10545214878757,0.118731511342015,0.107857150446298,0.102196040981782,0.107878903483265,0.121213600668938,0.105218998472636,0.107186350426415,0.12426529539108
"235",0.0991384641454188,0.163408924579066,0.125964204157455,0.106563915472781,0.101635795674584,0.0998751480497246,0.10201553669951,0.102735477626197,0.098662533595263
"236",0.099932225350253,0.156258107726901,0.123465221601996,0.106111347972134,0.102246134643273,0.10392987808564,0.102521979279709,0.104768453457391,0.100766651882704
