id,Class_1,Class_2,Class_3,Class_4,Class_5,Class_6,Class_7,Class_8,Class_9
1,0.00142208,0.55423385,0.38070306,0.04848951,0.00024726,0.00151495,0.00886824,0.00399434,0.00052672
2,0.0001259,0.00026141,6.928e-05,0.00017237,0.99884915,0.00011184,0.0001917,0.00015055,6.775e-05
3,0.12091804,0.22899991,0.06390054,0.02377288,0.00255852,0.19969611,0.01038196,0.09667221,0.25309986
4,0.00391726,0.00124569,0.00055634,0.00238676,0.00299481,0.98216838,0.00157553,0.00222234,0.00293283
5,0.01218945,0.22526109,0.25536701,0.32000402,0.00099454,0.00248469,0.18005113,0.00170769,0.00194033
6,0.00171438,0.0146343,0.0030813,0.00719349,6.715e-05,0.65179598,0.31510261,0.00351963,0.00289119
7,0.00677396,5.577e-05,4.32e-05,0.00015418,1.081e-05,0.98727047,0.00459783,0.00070416,0.00038961
8,4.93e-06,9.16e-06,1.84e-05,1.197e-05,1.57e-06,0.99988532,3.804e-05,2.276e-05,7.79e-06
9,0.22007325,0.00458547,0.00399323,0.00439957,0.00080041,0.15382974,0.03434899,0.54069102,0.0372783
10,0.00158281,0.94407237,0.03310429,0.0007068,0.00013432,0.008288,0.00846502,0.00267539,0.00097102
11,0.00530777,0.00032462,0.00015235,0.00198517,0.0001689,0.91073471,0.00554753,0.07086506,0.0049139
12,0.00225892,0.00010368,7.466e-05,3.352e-05,4.438e-05,0.00036409,6.606e-05,0.00058084,0.99647385
13,4.15e-06,6.226e-05,6.242e-05,3.624e-05,3.43e-06,0.99968112,1.696e-05,0.00012429,9.1e-06
14,0.00231475,0.00379182,0.00144477,0.00108169,0.0002971,0.01978221,0.00110438,0.01023119,0.95995212
15,0.0003275,0.89539945,0.07066916,0.02904347,0.00016713,0.00037988,0.00284191,0.00050713,0.00066433
16,0.03255697,0.00041173,0.00085956,0.00041742,5.176e-05,0.28316304,0.41599193,0.25981495,0.00673267
17,0.00022199,0.00023654,0.00020309,0.00010501,2.494e-05,0.99786723,0.0006869,0.00046617,0.00018809
18,0.00033825,0.73805112,0.24526049,0.01521041,0.00023402,9.086e-05,0.00030151,0.00023429,0.00027906
19,0.00064527,0.74216706,0.21854196,0.01967114,5.264e-05,0.00041073,0.01733564,0.00083074,0.00034483
20,0.00086705,0.98367304,0.006536,0.00060797,4.502e-05,0.00199301,0.00319907,0.00199142,0.00108741
21,0.00067971,0.64386421,0.30856141,0.03388557,0.00024663,0.00053796,0.00871386,0.00137792,0.00213274
22,3.533e-05,0.00734944,0.95893884,0.00915708,2.368e-05,6.544e-05,0.02431626,5.63e-05,5.759e-05
23,0.00082039,0.31273121,0.51081002,0.14083301,0.00129447,0.00179039,0.03013231,0.00124572,0.0003425
24,0.00130928,0.57932502,0.35196823,0.05802745,0.00051259,0.00278324,0.00268818,0.00290454,0.00048149
25,0.02079292,0.00352652,0.00125488,0.0003723,0.0004626,0.02537972,0.94124079,0.00274912,0.00422114
26,0.00016849,0.51350844,0.45059773,0.00086597,0.00012375,0.00178636,0.00223714,0.03054035,0.00017171
27,9.268e-05,0.00030293,5.994e-05,0.000598,0.99858534,0.00014115,6.088e-05,0.00010943,4.969e-05
28,0.00032009,0.5646525,0.35806009,0.07210322,7.52e-05,0.00031586,0.00389905,0.00028326,0.00029072
29,0.07335545,0.00150684,0.00535577,0.00073647,0.00027946,0.08247552,0.79690903,0.01820356,0.0211779
30,0.7662006,0.00160724,0.00218587,0.00114582,0.00021379,0.12508397,0.03919705,0.03599876,0.02836684
31,1.418e-05,7.329e-05,4.318e-05,2.656e-05,2.1e-06,0.99972206,2.515e-05,6.387e-05,2.96e-05
32,0.02860976,0.65398574,0.17581548,0.02140285,0.00392489,0.04142598,0.01902292,0.01594147,0.0398709
33,7.385e-05,0.27457467,0.72297388,0.00022987,0.00073129,0.00030324,0.00044174,0.00042381,0.00024768
34,0.00241001,0.00237063,0.00023919,0.00604313,0.98541498,0.00065443,0.00053168,0.00110759,0.00122832
35,0.0019627,0.00026559,0.0002446,0.00010666,1.646e-05,0.00478428,0.02268916,0.969491,0.0004396
36,0.00262463,0.00012786,0.00029443,7.111e-05,2.614e-05,0.00624541,8.264e-05,0.98920178,0.00132596
37,0.11207596,0.33746532,0.15023585,0.13475151,0.00163887,0.0355215,0.07211604,0.00953094,0.14666402
38,0.00034529,0.81020528,0.17139843,0.00557928,9.432e-05,0.00036379,0.01150546,0.00029152,0.00021661
39,0.00061282,0.00019892,7.975e-05,3.703e-05,5.49e-06,0.00074167,0.00047431,0.99748933,0.00036067
40,0.12151654,0.00570822,0.002963,0.00151102,0.00640458,0.00432839,0.00396308,0.01258499,0.84102023
41,0.00024294,0.84874862,0.14362361,0.00469578,5.875e-05,0.00013141,0.00221574,0.00018369,9.949e-05
42,0.0020253,3.853e-05,2.246e-05,4.115e-05,6.082e-05,0.00353034,3.836e-05,0.00309388,0.99114919
43,7.872e-05,0.90203142,0.08834788,0.00802929,0.00011627,0.00025664,0.00036928,0.00020587,0.00056468
44,0.00043269,0.75803071,0.18972272,0.04531777,0.00027211,0.0004884,0.00475154,0.00043329,0.00055074
45,0.00981783,0.83766329,0.08296949,0.01070881,0.00060949,0.02284051,0.00274706,0.01082529,0.02181825
46,0.00069836,0.66038674,0.23990232,0.0731305,0.00033544,0.00068759,0.0234629,0.00088109,0.00051509
47,0.12049456,0.01873027,0.00637702,0.00185004,0.0012432,0.03391622,0.03053592,0.01060017,0.77625263
48,0.00033755,0.27042049,0.70560849,0.0222826,0.00010974,0.00017405,0.00068392,0.00015589,0.00022726
49,0.00080941,0.00088359,0.00111999,0.00051644,3.838e-05,0.99336243,0.00136822,0.0014969,0.00040464
50,0.00881274,0.00033514,0.00027278,0.00122065,3.749e-05,0.96206176,0.0082042,0.0028002,0.016255
51,0.05698706,5.611e-05,2.815e-05,0.00034478,4.289e-05,0.93187684,0.00473347,0.00361696,0.00231369
52,0.00044988,0.42907661,0.55959553,0.00794344,0.00024155,0.00014734,0.00210521,0.00028909,0.00015135
53,8.515e-05,0.00013792,1.957e-05,0.00045423,0.99789739,0.00011473,1.183e-05,0.0002675,0.00101167
54,6.784e-05,0.81409657,0.16464126,0.00020881,0.00025041,0.00178752,0.00092679,0.01790123,0.00011961
55,0.00016425,0.60648847,0.32548764,0.06640118,0.00056582,0.00012498,0.00030784,0.00035412,0.0001057
56,0.00386064,0.00132388,0.00074732,0.00024858,9.498e-05,0.00104231,0.00014313,0.00420385,0.98833537
57,0.00118797,0.93344915,0.05653546,0.00173785,0.00173426,0.00109777,0.00179833,0.00178649,0.00067272
58,0.00220646,0.7755788,0.09109363,0.10643984,0.00314342,0.0135906,0.00121351,0.00401657,0.00271725
59,1.874e-05,5.645e-05,4.599e-05,5.003e-05,4.42e-06,0.99948126,3.253e-05,0.0002339,7.665e-05
60,0.00036332,0.17998554,0.77632701,0.03912758,0.00016484,0.0006193,0.00197118,0.00047868,0.00096249
61,0.00484543,0.43088302,0.41737416,0.04037708,0.00030935,0.01693949,0.08577153,0.00249001,0.00100994
62,0.00037529,0.76805139,0.16049965,0.06682825,0.00020637,0.00069677,0.00174731,0.00071612,0.00087889
63,0.01046557,0.00015872,0.00011525,0.00267286,7.677e-05,0.95843333,0.00162782,0.01523225,0.01121747
64,0.00206676,0.05369442,0.84765619,0.01607888,5.757e-05,0.00758349,0.06905262,0.0019927,0.00181743
65,0.00331425,0.56014818,0.18088494,0.00818026,0.00014185,0.01054018,0.23455489,0.00156479,0.00067067
66,0.00030893,9.115e-05,7.042e-05,0.00060499,1.532e-05,0.99758959,0.00039525,0.00081611,0.0001083
67,0.01100131,0.41384098,0.2290965,0.16557445,0.00141133,0.01634407,0.15133056,0.00606283,0.00533802
68,0.01998727,0.00010203,9.936e-05,4.209e-05,2.724e-05,0.0043571,0.00010318,0.0007219,0.9745599
69,0.00076514,2.892e-05,3.353e-05,8.541e-05,1.409e-05,0.000221,7.2e-05,0.99857724,0.00020267
70,0.00058498,0.4531621,0.12797822,0.40049988,0.00016419,0.00511105,0.00432979,0.0026461,0.00552371
71,0.00059729,0.0016443,0.0005292,5.375e-05,4.478e-05,0.00030601,0.00220574,0.99263763,0.00198128
72,0.00013617,0.98912907,0.00798076,0.00209918,0.00010109,0.00014107,0.00011674,0.00019625,9.968e-05
73,0.00177847,0.06582584,0.90653312,0.01236332,7.292e-05,0.00066191,0.00152936,0.00150398,0.00973101
74,0.00056882,0.93261367,0.04060734,0.01920785,0.00020305,0.00105857,0.00251099,0.00070471,0.00252497
75,0.00051353,9.057e-05,0.00038374,6.922e-05,5.43e-06,0.00574521,0.00266597,0.99003536,0.00049105
76,0.00045157,0.66175067,0.28622815,0.01696216,5.455e-05,0.00050924,0.03294698,0.00041536,0.00068126
77,4.06e-06,3.646e-05,1.817e-05,8.08e-06,7.8e-07,0.99985516,3.114e-05,3.01e-05,1.601e-05
78,2.188e-05,0.00275212,0.99674428,0.00040257,7.62e-06,7.42e-06,3.694e-05,9.12e-06,1.804e-05
79,0.00012989,0.9294849,0.0499428,0.01551627,8.368e-05,0.00027054,0.00416762,0.0001947,0.00020955
80,5.004e-05,0.77589935,0.17941408,0.04423894,0.00011119,8.218e-05,0.00011525,5.28e-05,3.617e-05
81,2.199e-05,3.5e-06,1.12e-06,7.15e-06,4.9e-07,0.99985003,1.615e-05,6.058e-05,3.893e-05
82,0.00027674,0.22763935,0.74994266,0.00906249,4.461e-05,0.00138602,0.01117949,0.00038259,8.606e-05
83,0.00018937,2.954e-05,1.348e-05,2.617e-05,2.7e-06,0.99833316,0.0004278,0.00093341,4.441e-05
84,0.02437828,0.55718619,0.27791125,0.05074142,0.00244265,0.02206127,0.00647164,0.01375913,0.0450482
85,0.00174813,0.12351075,0.79044145,0.03697675,0.00015334,0.00029055,0.04587122,0.00081606,0.0001918
86,0.05247989,0.00056156,0.00028799,0.00012069,0.00012663,0.01272864,0.00028376,0.00257968,0.93083119
87,4.235e-05,2.866e-05,3.488e-05,8.437e-05,3.84e-06,0.9995389,7.647e-05,7.117e-05,0.00011938
88,0.60822356,0.00132819,0.00196857,0.00032253,0.00060213,0.03293993,0.01115635,0.2241101,0.11934863
89,0.00060855,0.00018832,0.00010856,4.394e-05,1.819e-05,0.00234308,8.227e-05,0.99616832,0.00043872
90,0.00018777,0.67380017,0.13682012,0.18669862,0.00029229,0.00024284,0.00123003,0.00059578,0.00013234
91,0.00051873,0.00015229,0.00013638,0.00019084,9.61e-06,0.99505287,0.00039667,0.00311481,0.00042784
92,0.00532025,0.4285647,0.0051537,0.483933,0.00422556,0.05444746,0.00298111,0.00376524,0.01160902
93,0.36087933,0.00704245,0.00364746,0.00153569,0.00054031,0.04187686,0.0320267,0.54957324,0.00287794
94,9.268e-05,0.64917558,0.32901403,0.02018664,0.00011487,0.0001636,0.00093967,0.00014823,0.00016468
95,0.02689766,0.0001857,9.541e-05,0.00149672,6.517e-05,0.66238207,0.0002032,0.0019296,0.30674443
96,1.15e-05,2.685e-05,1.955e-05,0.00024079,1.73e-06,0.99961853,1.178e-05,3.49e-05,3.427e-05
97,2.241e-05,0.93472725,0.06284272,0.00221465,1.126e-05,3.398e-05,9.264e-05,2.1e-05,3.41e-05
98,0.00067695,5.486e-05,4.652e-05,0.00038257,2.746e-05,0.99518013,0.00231263,0.00092526,0.00039367
99,8.966e-05,4.397e-05,1.903e-05,6.904e-05,3.144e-05,0.99922848,0.00010652,0.00034924,6.261e-05
100,0.02283085,0.0004316,0.00046773,0.00081997,5.83e-05,0.09356979,0.01042016,0.86554289,0.0058587
101,0.00014487,0.9781673,0.01023329,0.00763954,0.00019612,0.00024773,0.00271312,0.00023854,0.00041952
102,3.445e-05,6.79e-06,9.35e-06,4.02e-06,1.94e-06,0.99947244,2.852e-05,0.000398,4.446e-05
103,5.058e-05,0.00012053,5.682e-05,2.303e-05,8.05e-06,0.99924171,2.53e-05,0.00024166,0.00023229
104,0.00486723,0.00010086,6.04e-05,3.628e-05,5.56e-06,0.02101138,0.00049211,0.00151003,0.97191614
105,7.045e-05,0.93642557,0.04243032,0.02039314,5.441e-05,6.415e-05,0.00030531,0.0001357,0.0001209
106,5.377e-05,0.00011738,0.00016822,9.936e-05,8.84e-06,0.9989624,0.00011416,0.00033686,0.00013898
107,0.00010443,0.00199121,0.00048716,0.00244498,0.99392503,6.494e-05,0.00037683,0.00015087,0.00045454
108,0.02444595,0.82327312,0.02223906,0.01502729,0.00089879,0.0615977,0.03103602,0.01616735,0.00531471
109,5.379e-05,6.511e-05,5.577e-05,2.685e-05,5.38e-06,0.99842489,1.705e-05,0.0009056,0.00044558
110,2.301e-05,3.392e-05,3.329e-05,5.99e-06,1.69e-06,0.99970585,1.815e-05,0.00012962,4.846e-05
111,0.81626731,0.00321045,0.00055501,0.00178814,0.00035945,0.02712213,0.00178188,0.01906398,0.12985161
112,7.592e-05,0.57865715,0.36600658,0.05330852,0.00012644,7.245e-05,0.0013688,0.00024874,0.00013542
113,0.0002083,0.01638721,0.88898706,0.01044786,3.801e-05,6.789e-05,0.08366694,8.818e-05,0.0001086
114,0.00020741,0.59030426,0.38165882,0.02606465,7.403e-05,0.00011257,0.00119382,0.00016867,0.00021575
115,0.00012188,0.97407609,0.00256623,0.02209054,5.5e-05,0.00014315,0.00065348,4.785e-05,0.00024581
116,0.00010309,0.07280806,0.1033603,0.82293081,4.636e-05,0.00018794,0.00036396,8.12e-05,0.00011826
117,0.00015878,0.88105142,0.11443961,0.00349903,9.764e-05,0.00023357,9.915e-05,0.00022142,0.0001994
118,0.00049358,7.62e-06,1.012e-05,7.02e-06,5.21e-06,0.0001159,1.137e-05,0.99917006,0.00017914
119,0.03690637,0.00073508,0.00156673,0.00058647,8.46e-05,0.06183232,0.00367267,0.88709098,0.00752482
120,0.0002031,0.01742614,0.98084259,0.00103456,4.425e-05,7.971e-05,0.00015416,0.00012318,9.237e-05
121,0.0003435,0.0004957,8.392e-05,0.00037857,0.99815482,0.00012059,0.00015762,0.00010949,0.00015572
122,0.00246038,0.0533158,0.00469539,0.00081876,0.00047735,0.04836638,0.87028259,0.01382745,0.00575583
123,5.93e-06,3.967e-05,1.783e-05,5.8e-06,1.24e-06,0.99973148,2.838e-05,0.00013959,3.003e-05
124,7.238e-05,0.11944354,0.43746695,0.44222242,0.00014718,0.00024864,0.00025507,7.849e-05,6.536e-05
125,0.00502219,0.64716643,0.30480674,0.00710067,0.00026954,0.01264246,0.01504062,0.00299761,0.00495375
126,0.00163142,0.67438573,0.25203225,0.04604212,0.00016377,0.00127247,0.01833934,0.00498269,0.00115018
127,0.00445075,0.23523983,0.68420398,0.0500278,0.00070816,0.0028054,0.01852119,0.00320773,0.00083522
128,0.00096179,0.67260104,0.28287166,0.00495321,0.00012556,0.00055137,0.03597648,0.00150984,0.00044907
129,0.00412762,0.00019058,8.349e-05,0.00041678,0.00024016,0.9862321,0.00070177,0.00425738,0.00375013
130,2.258e-05,1.742e-05,2.255e-05,1.339e-05,1.32e-06,0.99945134,4.03e-05,0.00026095,0.0001702
131,0.00063252,0.14414497,0.66449952,0.00262923,0.00060757,0.1491023,0.02411386,0.01390981,0.00036025
132,0.00016439,0.88464767,0.10746064,0.00586052,0.00020687,0.00071445,0.00044133,0.00031791,0.00018621
133,0.00012751,0.93802297,0.02768942,0.03109527,4.418e-05,0.00042019,0.00093478,0.00045918,0.00120656
134,6.52e-06,2.68e-05,1.07e-05,1.183e-05,1.78e-06,0.99988735,1.216e-05,2.659e-05,1.631e-05
135,0.00342075,0.346394,0.45427078,0.1011692,0.00134196,0.01961291,0.06314287,0.00506223,0.00558528
136,5.325e-05,0.00804299,0.00107925,0.00609832,0.98411059,9.217e-05,0.00017529,0.00010692,0.00024116
137,8.384e-05,0.05168251,0.94383764,0.00275737,7.543e-05,0.00026334,0.00068363,0.00033409,0.00028211
138,0.00712768,0.1827531,0.76909447,0.00351054,0.00155238,0.01048458,0.01119028,0.01078372,0.00350328
139,0.00428222,0.0002305,5.676e-05,9.584e-05,2.811e-05,0.04572807,0.01435354,0.93352562,0.00169938
140,0.02866062,0.00062378,0.00029221,0.00016063,1.713e-05,0.00569135,0.00036945,0.95326567,0.01091915
141,9.971e-05,0.82067138,0.1505582,0.02723538,0.00010525,0.00035012,0.00039794,0.00024135,0.00034068
142,5.12e-05,2.322e-05,3.861e-05,2.043e-05,2.74e-06,0.99842787,0.00042783,0.00097095,3.722e-05
143,0.00070535,0.91149044,0.046878,0.03760812,0.00075729,0.00060498,0.00037781,0.00025058,0.00132739
144,0.00070031,0.63019067,0.32669905,0.03716531,0.00143801,0.00213936,0.00045999,0.00059687,0.00061042
145,0.00416705,0.29432613,0.32061142,0.00858936,0.03140148,0.04521072,0.00248384,0.107135,0.18607502
146,0.00259491,0.85225564,0.07822526,0.04575241,0.00045842,0.0043326,0.01222483,0.00091931,0.00323664
147,0.00017825,0.28156221,0.70379221,0.01064188,9.182e-05,0.00031525,0.00272235,0.0003697,0.00032631
148,0.0015652,2.709e-05,1.607e-05,0.00021482,7.34e-06,0.99497813,0.00138786,0.00048345,0.00131997
149,0.0079729,0.00566081,0.02761502,0.07467762,0.00018861,0.28047711,0.57364666,0.0035875,0.02617378
150,0.00974967,0.00051477,0.00018892,5.402e-05,3.902e-05,0.00499794,0.0088079,0.97432059,0.00132719
151,2.183e-05,6.412e-05,1.496e-05,0.00027291,0.99948895,2.613e-05,1.886e-05,4.486e-05,4.733e-05
152,0.00152474,0.89705127,0.08418574,0.00546606,0.00032148,0.00097555,0.00149608,0.00051697,0.00846212
153,0.00092829,0.95656103,0.03086596,0.00294536,0.00036524,0.00155059,0.00288486,0.00262204,0.00127662
154,0.00014463,0.00022145,0.00022531,0.00018385,2.126e-05,0.99839634,0.00037824,0.0003143,0.00011456
155,0.00164969,0.00050782,0.00068382,0.00011307,4.943e-05,0.00740969,0.000322,0.9734779,0.01578655
156,0.00341861,0.00098305,0.00142452,0.00059622,3.653e-05,0.00907419,0.00276096,0.00279587,0.97891003
157,0.0064556,0.90009624,0.0465376,0.01965174,0.00052209,0.00168685,0.01826319,0.00159814,0.00518853
158,0.00020245,0.88957238,0.01406227,0.09369943,0.00010393,0.00034865,0.00094576,0.00044513,0.00062001
159,0.0035275,0.00161702,0.00098165,0.00423583,7.026e-05,0.97084224,0.00404746,0.01390603,0.00077207
160,0.06175611,0.00027351,0.00014114,0.00093676,0.00085549,0.8402456,0.08399135,0.00867567,0.00312436
161,0.00041881,0.91150415,0.06926981,0.0171653,0.00017104,0.00063941,0.00018897,0.000497,0.00014556
162,0.00022529,0.82842481,0.02082282,0.14631775,4.209e-05,0.0003892,0.00362226,5.521e-05,0.00010058
163,0.00285127,5.712e-05,9.736e-05,0.00047705,9.17e-06,0.99187964,0.00096665,0.00346785,0.0001939
164,2.953e-05,7.261e-05,0.00023792,6.269e-05,1.265e-05,0.00210143,0.00020084,0.99723959,4.273e-05
165,0.00434424,0.48214126,0.47804332,0.02370418,0.0005179,0.00175909,0.00284,0.00240258,0.00424742
166,0.00179785,0.2291498,0.69580495,0.05425935,9.821e-05,0.00150603,0.00942107,0.00768998,0.0002727
167,0.00268431,0.33950549,0.47325546,0.15204827,0.00023153,0.00308375,0.02456189,0.00390259,0.00072672
168,0.00020008,0.00035612,7.968e-05,0.00141771,0.99707007,0.00017042,5.242e-05,0.00026194,0.00039149
169,0.01016397,0.5046531,0.30321714,0.06668648,0.00146398,0.02913487,0.05067589,0.03177919,0.00222541
170,0.00564678,0.82014138,0.15287472,0.00312849,0.0044853,0.00140821,0.00077663,0.00189216,0.00964636
171,0.00023639,0.48339662,0.38053319,0.12119899,0.00024912,0.00104779,0.01247662,0.00058999,0.0002713
172,0.20325981,0.01510227,0.01318532,0.00645424,0.00104228,0.0979038,0.10490174,0.51742733,0.04072323
173,4.725e-05,0.94971937,0.01640493,0.03299322,6.103e-05,0.00053566,0.0001206,7.68e-05,4.115e-05
174,0.08331499,0.00878626,0.00391675,0.00076834,0.00081227,0.00790163,0.00093533,0.00040164,0.89316279
175,0.00305211,0.54381692,0.36907092,0.00109302,0.00340367,0.03628206,0.00925715,0.03073589,0.00328821
176,0.02524224,0.60586911,0.20748334,0.05549506,0.00487993,0.01867101,0.0636832,0.0077447,0.01093138
177,0.0005192,0.57963026,0.07694475,0.33036292,0.00090328,0.0015535,0.0082116,0.00046931,0.00140517
178,0.00015445,0.99097544,0.0069435,0.00123073,0.00018689,0.00012078,7.329e-05,5.695e-05,0.00025797
179,0.57031369,0.00513817,0.00244687,0.00031344,0.00026343,0.08152533,0.2359785,0.08363459,0.02038598
180,0.0039795,0.65588653,0.20823301,0.08616179,0.00099826,0.00477387,0.02665303,0.00662293,0.00669102
181,0.00178042,1.515e-05,9.48e-06,5.245e-05,1.392e-05,0.99341124,0.00184018,0.00270532,0.0001719
182,0.00039508,0.69823104,0.22545636,0.04751857,0.00019435,0.00039437,0.02674579,0.00054624,0.00051817
183,0.00035553,0.82165897,0.01990728,0.00043271,8.785e-05,0.0179087,0.00062095,0.1205515,0.01847649
184,0.02424057,0.01144725,0.00446987,0.06857606,0.0017897,0.82126343,0.01359512,0.02308658,0.03153143
185,0.00131163,0.41448951,0.5712499,0.0027435,0.0037443,0.00190291,0.00099224,0.00161063,0.0019554
186,2.237e-05,4.92e-05,2.15e-05,1.563e-05,1.22e-06,0.99966931,3.385e-05,0.00014274,4.417e-05
187,2.073e-05,5.54e-05,6.02e-06,2.984e-05,4.8e-06,0.99949944,1.718e-05,0.00034044,2.613e-05
188,0.00274676,0.00011542,8.623e-05,0.00064069,2.639e-05,0.99348009,0.00029186,0.000646,0.00196662
189,0.01770269,0.02060206,0.02364178,0.01009337,0.0003025,0.05196385,0.83337998,0.03396609,0.00834765
190,0.00104562,0.00074785,0.00394354,0.00237546,3.576e-05,0.0232945,0.02060431,0.9465549,0.00139807
191,0.00013973,0.47669056,0.51200897,0.00019671,0.00722453,0.00038744,0.00087207,0.00235605,0.00012395
192,0.00200545,0.32072222,0.66665232,0.00483878,0.00025324,0.00105839,0.00057876,0.00049037,0.00340047
193,1.46e-05,9.41e-06,1.501e-05,9.68e-06,1.44e-06,0.99968576,9.234e-05,0.0001314,4.033e-05
194,0.00764389,0.4848741,0.03285378,0.00720602,0.00263629,0.00872468,0.00436173,0.0066008,0.44509873
195,0.00271196,0.00117252,0.00024034,0.02645626,0.00015056,0.92089587,0.00175594,0.00196694,0.04464958
196,6.951e-05,0.76625156,0.19019893,0.04298238,5.663e-05,0.00010845,0.00020468,8.364e-05,4.422e-05
197,0.01110221,0.47219759,0.42153442,0.07287776,0.00015599,0.00053478,0.0205561,0.00049495,0.0005462
198,0.00012513,0.17076132,0.81995267,0.00028987,0.00030974,0.00131889,0.00486568,0.00221166,0.00016506
199,0.00324518,0.00022904,5.976e-05,5.355e-05,2.205e-05,0.99258292,0.00071284,0.00079465,0.00230007
200,0.01505741,0.00024242,0.00011627,0.00037787,8.904e-05,0.95200932,0.00487311,0.02143269,0.00580191
201,1.565e-05,4.105e-05,0.00011322,1.455e-05,2.52e-06,0.99969852,3.175e-05,6.924e-05,1.354e-05
202,0.00857135,0.33731177,0.38655174,0.13412164,0.00111706,0.02675658,0.07829673,0.01907142,0.00820166
203,4.75e-06,0.00010037,2.94e-05,2.691e-05,4.375e-05,0.9996798,5.62e-05,4.825e-05,1.058e-05
204,4.966e-05,0.83042544,0.16400157,0.00520539,6.99e-05,4.388e-05,8.128e-05,8.616e-05,3.674e-05
205,1.644e-05,4.034e-05,2.689e-05,1.072e-05,2.31e-06,0.99955207,0.00013005,0.00019963,2.154e-05
206,6.23e-06,8.5e-06,3.31e-06,2.38e-06,3.3e-07,0.99989367,6.74e-06,7.249e-05,6.31e-06
207,0.01739677,0.00559239,0.00276687,0.00178937,0.01299454,0.00783411,0.00373985,0.04863865,0.89924741
208,0.00014153,0.86969382,0.11965809,0.00972081,7.419e-05,0.00011557,0.00042537,0.00010783,6.283e-05
209,0.02494445,0.00190125,0.00191191,0.00043245,7.518e-05,0.89296442,0.05149592,0.00195861,0.02431577
210,0.00010593,0.12941621,0.86111611,0.00909161,2.405e-05,2.86e-05,0.00011891,2.742e-05,7.12e-05
211,0.00036615,0.00029268,9.633e-05,0.0005185,0.99775094,0.00028512,0.00019402,0.00029009,0.00020622
212,0.00014234,0.72442198,0.26309168,0.01080795,8.191e-05,0.0004671,0.00049168,0.00013338,0.00036195
213,2.552e-05,0.99220443,0.00473811,0.00083533,3.971e-05,6.577e-05,0.00194933,5.15e-05,9.035e-05
214,5.518e-05,1.318e-05,2.857e-05,1.105e-05,2.06e-06,0.00153027,0.0002823,0.99804711,3.022e-05
215,0.0001442,0.00058063,0.00157921,0.00028784,7.49e-06,0.99582797,0.00094614,0.00050131,0.00012516
216,0.00045389,1.47e-05,1.137e-05,0.00032844,2.598e-05,0.9974668,0.00013689,0.00045852,0.00110342
217,0.00118906,0.08684646,0.59374857,0.02640099,0.00048341,0.02421669,0.26217934,0.00286808,0.00206737
218,0.00043008,0.06632875,0.92095065,0.00017448,0.00151707,0.00088409,0.00114687,0.00794781,0.00062016
219,9.245e-05,0.05180563,0.94311285,0.00015149,0.00166172,0.00014759,0.0004131,0.00243352,0.00018166
220,0.00079869,0.00029637,6.765e-05,0.00118945,3.761e-05,0.99632639,0.00064205,0.00034599,0.00029582
221,0.00017776,0.16603667,0.80199665,0.02277445,0.00353417,0.0002727,0.00448323,0.00031362,0.00041075
222,0.00112274,0.42127669,0.41311076,0.11444689,0.00017027,0.00324358,0.04280869,0.00244339,0.00137696
223,0.00098184,0.51986438,0.34878227,0.00115129,0.08344778,0.01723497,0.00446853,0.02284736,0.00122153
224,0.91979748,0.00038582,0.00062606,7.574e-05,0.00014925,0.00622072,0.00457167,0.03083838,0.03733494
225,4.227e-05,0.97267389,0.0222227,0.00446553,2.783e-05,6.827e-05,0.00034889,0.00010775,4.291e-05
226,0.00017841,0.88798612,0.10174752,0.00888153,0.00010439,0.0001754,0.00035495,0.0002535,0.00031814
227,2.679e-05,0.00653913,0.99196976,0.00131925,1.342e-05,1.841e-05,5.295e-05,2.173e-05,3.859e-05
228,0.00438328,0.67038971,0.19824205,0.00221165,0.00219729,0.00172182,0.00146021,0.11410595,0.00528803
229,0.00077061,9.732e-05,2.899e-05,1.124e-05,7.08e-06,0.00028219,0.00012753,0.99790239,0.00077271
230,0.01525822,0.17820977,0.07124745,0.10882405,0.00056648,0.08879874,0.51557362,0.00813021,0.01339147
231,0.01793958,0.29932868,0.36960059,0.18037218,0.00061292,0.01117193,0.09866302,0.01161958,0.0106915
232,0.00470909,0.48105514,0.2233461,0.01461438,0.00055259,0.16920802,0.09171589,0.01331955,0.00147922
233,0.0079272,0.71266013,0.12714165,0.09184886,0.0007395,0.01745537,0.01912119,0.00323857,0.01986748
234,0.00024827,0.00108215,9.104e-05,0.00106475,0.99629706,0.00010485,7.37e-05,0.0004088,0.0006294
235,0.00045934,0.96656001,0.02259131,0.00974614,7.398e-05,0.00010424,0.00012611,9.446e-05,0.00024439
236,0.00012139,0.18877582,0.06454007,0.74467784,6.85e-05,0.00026824,0.00103396,0.00030926,0.00020495
237,2.918e-05,0.00127962,0.00010524,0.00032368,0.99794656,5.759e-05,1.071e-05,0.00011393,0.00013354
238,0.00174761,0.34605873,0.61588776,0.01751117,0.00643947,0.00164018,0.00145573,0.00357962,0.00567973
239,0.58555532,0.00218519,0.00399741,0.00336859,0.00050034,0.11583235,0.08643094,0.13649179,0.06563805
240,0.07606772,0.00118403,0.00094371,0.00480792,0.00084141,0.14631984,0.62227803,0.14540583,0.00215151
241,0.00196215,0.63626212,0.05812386,0.00076322,0.00012609,0.14706853,0.15257573,0.00180343,0.00131488
242,0.00017761,0.46394792,0.28367564,0.24991007,0.00010275,0.00026193,0.00127741,0.00029556,0.00035107
243,0.01393796,0.00220659,0.00113755,0.00169393,0.00025845,0.00647951,0.00117784,0.0074801,0.96562809
244,0.00343345,0.89504886,0.04438366,0.01868197,0.00031097,0.00697565,0.00608217,0.00321902,0.02186423
245,0.00018911,0.29942667,0.59346211,0.10193553,0.00012488,0.00216035,0.00156046,0.00050493,0.00063595
246,8.194e-05,7.06e-06,1.107e-05,6.92e-06,6.3e-07,0.00019949,7.329e-05,0.99958736,3.221e-05
247,0.00099586,0.18337224,0.78988618,0.01969587,7.965e-05,0.00019444,0.00511262,0.00038935,0.00027374
248,0.02838433,0.00035167,0.00025581,0.00017991,0.00012732,0.00555107,0.00016715,0.73224729,0.23273543
249,0.01443359,0.0003538,0.0001999,0.00011841,0.00025613,0.00579091,0.00129976,0.97395873,0.00358875
250,1.513e-05,4.485e-05,0.00010261,3.592e-05,1.37e-06,0.99953544,1.841e-05,0.00021301,3.333e-05
251,0.13817532,0.02015231,0.00715574,0.00889794,0.00391582,0.4738372,0.00706946,0.25272989,0.08806632
252,0.00013693,0.96989238,0.02799004,0.00119633,5.45e-05,0.00010176,7.471e-05,0.00019091,0.00036245
253,0.00027002,0.96536726,0.02934501,0.00230735,8.207e-05,0.00017171,0.00139039,0.00069491,0.00037123
254,0.00021433,0.32137555,0.65012592,0.00018458,0.0004483,0.0006487,0.00054923,0.02601079,0.00044258
255,0.00014493,0.00055377,0.00018339,0.00067123,0.997141,9.538e-05,5.78e-05,0.00069552,0.000457
256,2.243e-05,0.00075176,0.00022014,0.00033305,0.99839753,1.568e-05,3.831e-05,9.784e-05,0.00012326
257,0.78193486,0.00284111,0.01696553,0.00459421,0.00084959,0.03149345,0.01611927,0.01653055,0.12867148
258,0.00335309,0.00010567,4.6e-05,0.00024823,1.909e-05,0.98913705,0.00047594,0.00430439,0.00231052
259,0.00225184,0.78396177,0.18062326,0.02666982,9.115e-05,0.0003084,0.0057398,0.000181,0.00017295
260,0.04190125,0.55309147,0.0180948,0.00764739,0.00134357,0.01142337,0.00462837,0.02066206,0.34120771
261,7.99e-06,2.425e-05,1.097e-05,1.005e-05,1.19e-06,0.9998709,1.081e-05,5.394e-05,9.92e-06
262,1.954e-05,0.00011388,1.253e-05,0.00046154,0.99914992,1.377e-05,4.12e-06,6.177e-05,0.00016296
263,5.241e-05,0.00023363,3.887e-05,0.00020317,0.99923301,2.831e-05,0.00010806,6.161e-05,4.097e-05
264,0.00164636,2.488e-05,2.265e-05,3.238e-05,4.85e-06,0.99264115,0.00433039,0.00105422,0.00024309
265,9.292e-05,0.96848273,0.01948696,0.01128833,4.322e-05,9.088e-05,0.00024802,0.00011875,0.00014823
266,0.00173049,0.95461601,0.02818244,0.00376078,0.00058718,0.00089332,0.00665354,0.00156956,0.00200668
267,0.00072461,4.886e-05,5.496e-05,1.763e-05,3.136e-05,0.99677438,0.00118225,0.00076444,0.00040148
268,0.0004987,0.59129393,0.29279208,0.09855119,0.00013636,0.00040192,0.01506607,0.00063784,0.00062192
269,0.00088705,0.0001001,0.00023321,6.567e-05,1.606e-05,0.00063849,0.0014952,0.99643624,0.000128
270,0.00169963,0.0029102,0.00189869,8.589e-05,0.00383384,0.00093449,0.00068584,0.97825235,0.00969899
271,0.01002048,0.00018548,0.00014572,2.232e-05,1.457e-05,0.00080143,0.00022675,0.00302092,0.98556232
272,0.00027374,0.94750577,0.03094854,0.0180434,0.00021822,0.0004205,0.0013658,0.00045812,0.00076588
273,0.00132724,7.831e-05,7.69e-05,8.438e-05,1.034e-05,0.96959186,0.02320767,0.00251847,0.00310483
274,0.00012638,0.9716906,0.0255126,0.00193679,8.839e-05,0.0001352,0.00023806,0.00016142,0.00011053
275,2.19e-05,0.00011194,7.631e-05,9.83e-06,5.1e-06,0.99926811,7.475e-05,0.00032196,0.00011007
276,7.225e-05,0.43846765,0.55407238,0.00036355,0.00040413,0.0002862,0.00065717,0.00560443,7.228e-05
277,7.033e-05,0.00020189,6.736e-05,0.000308,0.99865049,7.812e-05,0.00010429,9.686e-05,0.00042272
278,0.00045546,0.78075171,0.20959544,0.00772154,0.00025559,0.00021453,0.00030847,0.00033808,0.00035918
279,0.00060952,3.256e-05,4.157e-05,0.00015987,4.136e-05,0.99324811,0.00021317,0.00249552,0.00315827
280,0.10292021,0.00071809,0.00100929,0.00624126,0.00016651,0.82114434,0.02110397,0.04419155,0.00250471
281,0.00090585,0.00028954,0.00013991,8.812e-05,4.856e-05,0.00472499,0.00026667,0.99075842,0.00277788
282,0.00012782,0.63727766,0.18220796,0.17799881,7.854e-05,0.00022501,0.00189676,8.256e-05,0.00010492
283,0.00020869,0.00012801,9.068e-05,0.00022242,2.84e-05,0.99854481,0.00012049,0.00043601,0.00022051
284,0.12200876,0.06390188,0.0328459,0.03190438,0.20592204,0.0856782,0.2859748,0.11808611,0.05367792
285,0.02942,0.00252481,0.00085012,0.00068257,0.00016538,0.04135673,0.00324975,0.89156419,0.03018643
286,0.47133291,0.00183717,0.0005531,0.00194799,0.0005032,0.43006307,0.0153368,0.02232908,0.05609664
287,0.01461754,0.00186359,0.00140061,0.00050738,0.00021288,0.01798,0.02084338,0.93818927,0.00438538
288,0.96158415,0.00116818,0.00036262,0.0002012,2.058e-05,0.01121471,0.00620022,0.01507366,0.0041747
289,0.00618161,0.44815004,0.40595841,0.06737316,0.00079427,0.01248233,0.02902289,0.0115474,0.01848992
290,0.00361918,0.89259714,0.05105441,0.0115682,0.00071896,0.02002883,0.00682178,0.00464403,0.00894749
291,0.05585877,0.06239743,0.01126099,0.01114888,0.0064254,0.54925805,0.04196584,0.08572628,0.17595834
292,0.14760502,0.03264374,0.03616082,0.0076215,0.00445649,0.097532,0.10683057,0.32964951,0.23750038
293,0.00457871,0.00059196,0.0001753,0.00743624,1.702e-05,0.97437388,0.0011253,0.00246958,0.00923201
294,0.00195247,0.67679995,0.22615501,0.02234091,0.00024279,0.00826618,0.04847409,0.00289598,0.01287263
295,0.00118357,0.0054366,0.00431526,0.00029328,0.00060758,0.00050614,0.00027763,0.00084923,0.98653072
296,2.209e-05,0.00022684,4.823e-05,0.00067805,0.99888247,2.14e-05,4.688e-05,3.405e-05,3.998e-05
297,0.00017617,0.89431053,0.09255077,0.0125661,5.452e-05,5.288e-05,0.00010828,6.804e-05,0.00011273
298,7.835e-05,0.00020271,0.00021622,5.318e-05,9.31e-06,0.99694961,6.348e-05,0.0022787,0.00014842
299,0.00054415,0.34388825,0.64778966,0.00438996,0.00019316,0.00064573,0.00033447,0.00159034,0.00062427
300,0.00023787,0.83969092,0.11385831,0.04413457,0.00031224,0.00095454,0.00016693,0.00031528,0.00032934
301,0.00028027,0.40402204,0.36453709,0.21367227,0.00017886,0.00035191,0.01628416,0.00042513,0.0002482
302,0.00096428,0.00011443,5.269e-05,0.00192519,1.639e-05,0.98349249,0.00031061,0.00600398,0.00711991
303,0.00078254,0.00055526,0.00061464,0.00010609,3.515e-05,0.01926329,0.01402513,0.96431148,0.00030644
304,0.00244697,0.00068658,0.00024661,0.00028384,3.272e-05,0.00808836,0.00056413,0.03654815,0.95110261
305,0.00016322,0.00075135,7.598e-05,0.00165197,0.99625874,5.541e-05,7.206e-05,0.0006858,0.00028552
306,0.00681508,0.00059691,0.00016472,5.889e-05,4.074e-05,0.00314889,0.00140769,0.98054701,0.00722006
307,0.00041424,4.202e-05,1.443e-05,0.00082422,0.00162065,0.99518836,0.0005577,0.00073128,0.00060709
308,9.295e-05,3.431e-05,4.871e-05,1.17e-05,4.96e-06,0.99950874,3.054e-05,0.00015091,0.00011723
309,0.00852763,0.24930601,0.03372397,0.0087231,0.00091214,0.63539779,0.04721601,0.01105776,0.00513558
310,0.000337,0.75126016,0.17800443,0.06589948,0.0009678,0.00078544,0.00037321,0.00069746,0.00167496
311,0.00020882,5.87e-05,9.149e-05,0.0001589,4.88e-06,0.99813998,0.00012667,0.00096269,0.00024786
312,0.00013597,0.57377011,0.42375174,0.00167606,0.00011375,4.937e-05,0.00025122,0.00011093,0.00014087
313,0.0016093,0.00017134,0.00025043,7.902e-05,2.712e-05,0.0006303,8.446e-05,0.00018586,0.99696213
314,0.00018149,0.97654378,0.01904226,0.00337577,0.00031293,9.414e-05,0.00014482,0.00017951,0.00012525
315,0.00018609,0.04029531,0.95606339,0.00012918,0.00060609,0.00033072,0.00041497,0.0015444,0.00042989
316,0.01540556,0.00450526,0.00217569,0.00016943,0.00018437,0.00413163,0.00132795,0.95475292,0.01734722
317,1.825e-05,1.929e-05,1.04e-05,1.14e-05,1.2e-06,0.99984813,1.019e-05,5.927e-05,2.182e-05
318,6.43e-06,9.551e-05,6.626e-05,2.68e-05,7.8e-07,0.99973828,4.76e-06,5.305e-05,8.08e-06
319,0.03568473,0.00097317,0.00054445,0.00018841,0.00010777,0.0388528,0.00072832,0.00523017,0.91769022
320,7.93e-06,1.801e-05,1.128e-05,5.49e-06,1.03e-06,0.99982798,1.446e-05,6.795e-05,4.585e-05
321,0.00019152,0.96417326,0.03014187,0.00336078,0.00012526,0.00046194,0.00086608,0.00045836,0.00022092
322,0.00039207,0.01630234,0.00679057,0.00525329,0.96873099,0.00026996,0.00127055,0.0005414,0.0004488
323,0.05944997,0.00194774,0.00263934,0.00218948,8.285e-05,0.10793466,0.02907255,0.02851601,0.76816738
324,0.01312905,0.4118793,0.40857583,0.10261621,0.0069438,0.00512349,0.03857394,0.00348094,0.00967742
325,0.17679515,0.00029434,0.0001952,0.00112311,8.57e-05,0.01783472,0.00065974,0.00183529,0.80117673
326,2.07e-05,5.455e-05,3.291e-05,4.826e-05,5.09e-06,0.99967587,4.8e-05,5.983e-05,5.48e-05
327,0.00014448,0.91078812,0.03387568,0.05389665,0.00020415,0.00035875,0.00035829,0.00017416,0.00019974
328,0.00053331,0.69877762,0.28424546,0.01430958,0.00015392,0.00045341,0.00034219,0.00104511,0.00013941
329,0.00338533,0.38461167,0.2110716,0.28150925,0.00342137,0.00657111,0.10213833,0.00392603,0.00336529
330,0.01307344,0.00502727,0.00463548,0.00330371,0.00057373,0.01116637,0.00473151,0.85251886,0.10496961
331,0.00046657,0.00027372,0.00049142,0.00017357,1.77e-05,0.92082644,0.07216409,0.00540406,0.00018252
332,0.0041434,0.00760075,0.00340453,0.00300865,0.00047719,0.96280533,0.00933889,0.00664093,0.00258029
333,0.00034991,0.00182448,0.00017531,0.01219175,0.97977692,0.00385147,0.00035772,0.00084427,0.00062823
334,0.00017314,5.859e-05,2.955e-05,3.268e-05,6.01e-06,0.00018079,9.777e-05,0.9978528,0.00156868
335,0.00438913,0.50898755,0.34693649,0.1214934,0.00023635,0.00089131,0.0151995,0.00112525,0.00074104
336,0.00447208,0.00376193,0.00141847,0.00089885,4.366e-05,0.00328569,0.00299547,0.00383026,0.97929353
337,0.00019765,0.92215103,0.05649794,0.0188935,4.923e-05,0.00021996,0.00144401,0.00029252,0.00025417
338,0.00020454,0.00014712,0.0001227,2.295e-05,7.79e-06,0.99845135,0.00053671,0.00032755,0.00017927
339,0.29290783,0.00040639,0.0004247,0.00021193,0.00022726,0.05850901,0.00274095,0.0035528,0.64101911
340,0.00060598,0.00146789,0.00031146,0.00247406,0.99153078,0.00124146,0.00143268,0.00061474,0.00032093
341,0.00015142,0.34797785,0.47499132,0.17208816,5.254e-05,0.00014481,0.00348879,0.0001415,0.00096356
342,0.05103244,0.00018986,0.00196617,0.00017035,6.881e-05,0.00438669,0.17087583,0.76812553,0.00318433
343,0.6759553,0.00386645,0.00088122,0.00460205,0.00989509,0.06482632,0.01044697,0.1706052,0.05892139
344,0.00135564,0.17866337,0.74449342,0.02028181,0.0002555,0.01151823,0.03858912,0.00352434,0.00131857
345,0.00010249,0.0005499,0.00015197,0.00051626,1.787e-05,0.99713421,0.00050055,0.00087891,0.00014778
346,0.00012534,0.54079342,0.29359132,0.16419005,6.941e-05,0.0001481,0.00080551,0.00015008,0.00012677
347,0.05375171,0.0024277,0.00314911,0.00120849,0.00061021,0.80147582,0.02717414,0.06330749,0.0468954
348,0.00069081,0.10610874,0.20494249,0.66233158,0.00019606,0.00139054,0.02360863,0.00052361,0.00020754
349,0.00026869,0.89030248,0.0820133,0.01826727,0.00040533,0.00028888,0.00733663,0.00084891,0.00026852
350,0.0003473,0.97882825,0.00760667,0.0019842,0.00206369,0.00039407,0.00071834,0.0044328,0.00362468
351,0.41879705,0.00113314,0.00092041,0.00077507,5.665e-05,0.01240781,0.00985738,0.55415535,0.00189715
352,0.01224823,0.26433846,0.60035664,0.08016565,0.00054832,0.00201304,0.03519446,0.00220691,0.00292829
353,0.12917231,0.12802567,0.02126907,0.02309523,0.00813245,0.07318246,0.00952405,0.05344117,0.55415756
354,0.00135985,0.00046545,0.00031692,0.00011924,2.988e-05,0.00296133,0.00269957,0.99105692,0.00099089
355,0.0001149,0.17283329,0.79756391,0.02791112,3.13e-05,0.00030249,0.00072387,0.00022467,0.00029447
356,3.271e-05,3.524e-05,3.397e-05,0.00024892,7.3e-07,0.99944776,0.00015104,4.45e-05,5.1e-06
357,0.04939104,0.21320118,0.50038391,0.05105712,0.00024507,0.00592902,0.17508315,0.00188623,0.00282324
358,0.00102047,0.00046396,0.00027127,0.00675506,6.939e-05,0.98547214,0.003851,0.00114864,0.00094804
359,0.00011376,9.79e-05,4.566e-05,0.00079154,1.922e-05,0.99855393,0.00010646,0.00018748,8.401e-05
360,0.49030817,0.00526376,0.0092231,0.00251893,0.00043844,0.08077361,0.17707866,0.21616587,0.01822949
361,0.00133485,0.86887538,0.08914444,0.00260074,0.00289815,0.00162375,0.00492651,0.01479158,0.01380457
362,0.00052565,0.47810772,0.51019287,0.00722575,0.00022854,0.00026406,0.00321807,0.00017309,6.424e-05
363,0.00012794,0.00014898,5.595e-05,0.00341513,2.122e-05,0.99301881,0.00023318,0.00260294,0.00037582
364,0.00015036,0.96798217,0.01857089,0.01009939,0.00064646,0.00083662,0.00026964,0.00058487,0.00085957
365,0.00145918,0.00173861,0.00138831,0.00110098,0.00012646,0.9869687,0.00426161,0.00209906,0.00085707
366,0.0023419,0.50773096,0.4565866,0.02479595,0.00014018,0.00074094,0.00676953,0.00049895,0.00039497
367,0.00104037,0.9339717,0.00687116,0.01844814,0.00104725,0.02001811,0.00195435,0.00255345,0.0140955
368,0.00108562,0.00020307,3.349e-05,9.73e-05,7.184e-05,0.99624181,0.00097687,0.00080318,0.00048682
369,6.764e-05,0.91225737,0.08359409,0.0001891,0.00030246,0.00061444,0.00042526,0.00234949,0.0002001
370,0.00820725,0.00138596,0.00032861,0.00037067,0.00015384,0.01019709,0.00137885,0.97408313,0.00389456
371,0.00040487,0.97031128,0.0173101,0.009326,0.00011756,0.00031055,0.00098907,0.00057071,0.00065981
372,0.00116509,0.53340673,0.41736227,0.03548745,0.00035968,0.00056204,0.00905018,0.00195467,0.00065183
373,0.00278068,0.00973222,0.00225153,0.00053424,0.00012206,0.01333876,0.95031327,0.01982836,0.00109885
374,0.00031542,0.70847976,0.21044549,0.0780835,6.112e-05,0.00016787,0.00188168,0.00021786,0.00034734
375,0.00021143,0.58326739,0.41000882,0.00017889,0.00066442,0.00037371,0.00191863,0.0031854,0.00019134
376,0.00039479,0.13854611,0.80966187,0.03586196,0.00015075,0.00121576,0.01194458,0.00036198,0.00186221
377,0.00034943,0.032258,0.95391333,0.01235528,6.352e-05,0.000201,0.00054586,0.00013952,0.00017404
378,0.00142922,0.79043615,0.18719643,0.01151203,0.00027926,0.00348482,0.00299919,0.00241666,0.00024626
379,0.01362322,0.00020843,0.00020996,0.00022706,0.00023777,0.00394702,0.02346197,0.95706505,0.00101954
380,3.151e-05,1.899e-05,3.443e-05,6.91e-06,1.06e-06,0.99946791,1.348e-05,0.00026916,0.00015654
381,7.35e-05,0.00043089,7.518e-05,0.00055858,0.99778593,0.00014327,5.003e-05,0.0003489,0.0005337
382,0.00339777,0.53764039,0.05327762,0.00652609,0.00017685,0.08662958,0.09570077,0.2159339,0.00071706
383,0.00015925,0.20006728,0.79413939,0.00018091,0.00012319,0.00162648,0.0022156,0.00140894,7.898e-05
384,0.00209836,0.177063,0.71303064,0.0097247,0.00010023,0.00054945,0.09584724,0.0013384,0.00024794
385,0.00246392,0.00029152,0.00086625,7.361e-05,7.831e-05,0.0014441,0.00024165,0.95385867,0.04068195
386,0.00047933,0.23385806,0.44606414,0.29186532,9.369e-05,0.00015365,0.02696121,0.00029232,0.00023223
387,0.00577772,0.00283936,0.00082444,0.00431887,0.00027949,0.01085777,0.00056676,0.0356696,0.93886596
388,7.629e-05,9.822e-05,3.562e-05,0.00012561,1.442e-05,0.00069391,0.00015917,0.00010041,0.99869639
389,0.00041075,0.81932712,0.16497755,0.00759636,6.313e-05,0.00084336,0.00575583,0.00078252,0.0002434
390,2.48e-05,3.109e-05,3.305e-05,2.301e-05,2.22e-06,0.99964011,6.514e-05,0.00016536,1.527e-05
391,0.00017601,0.36420843,0.57211834,0.05893311,6.957e-05,0.00016856,0.00393471,0.00022986,0.00016139
392,0.00027441,0.3389419,0.57881701,0.07610993,3.724e-05,6.11e-05,0.0055702,0.00010424,8.396e-05
393,0.00017323,2.846e-05,1.631e-05,1.772e-05,2.4e-06,0.99874675,0.00011392,0.00064392,0.00025723
394,0.00025318,0.0041273,0.00359863,0.00012367,9.47e-06,0.00195476,0.98525202,0.00452141,0.00015962
395,0.00018302,0.2469369,0.74306691,0.00821114,0.00019317,0.00019723,0.0008547,0.00016485,0.00019208
396,0.00241215,0.00028788,0.00119818,9.299e-05,0.00047053,0.00539093,0.00374453,0.98296148,0.00344135
397,0.00029562,0.6235761,0.35093707,0.02409839,0.00014055,0.00014886,0.00035946,0.00020839,0.00023555
398,0.05857325,0.0011497,0.00194332,0.00012606,0.00024548,0.00601477,0.0055923,0.92133451,0.00502065
399,0.05140577,0.66654068,0.04033843,0.01878169,0.00635211,0.03711689,0.03119503,0.06556061,0.08270881
